samplenr	I	II	V1	V2	V3	V4	V5	V6	measurement
0	-36	-62	6	-40	-56	-54	-46	-40	
1	-38	-62	6	-42	-58	-54	-46	-42	
2	-38	-64	6	-44	-60	-54	-46	-42	
3	-38	-64	6	-44	-60	-54	-46	-42	
4	-38	-64	6	-46	-62	-56	-46	-42	
5	-38	-62	8	-46	-62	-56	-48	-44	
6	-36	-62	8	-46	-64	-58	-50	-46	
7	-36	-62	10	-46	-64	-60	-52	-46	
8	-34	-60	12	-44	-64	-62	-54	-50	
9	-32	-60	14	-40	-64	-64	-58	-52	
10	-32	-60	18	-36	-62	-68	-62	-56	
11	-30	-60	22	-28	-58	-68	-64	-60	
12	-30	-60	26	-18	-52	-70	-68	-64	
13	-28	-60	32	-6	-44	-68	-68	-68	
14	-26	-60	38	8	-32	-62	-68	-70	
15	-22	-58	42	26	-18	-54	-64	-70	
16	-16	-54	48	46	0	-40	-54	-68	
17	-6	-48	52	70	24	-22	-38	-62	
18	8	-36	56	94	50	6	-18	-50	
19	24	-22	56	118	80	40	12	-30	
20	46	0	56	142	114	80	50	-6	
21	72	26	52	162	150	128	94	28	
22	102	58	46	180	186	182	146	70	
23	134	96	38	190	220	240	204	118	
24	166	138	26	194	252	300	266	172	
25	200	182	10	188	278	358	328	232	
26	228	226	-6	172	294	412	386	292	
27	254	270	-26	144	302	456	440	350	
28	270	312	-44	106	296	490	484	406	
29	280	346	-64	56	278	508	514	452	
30	278	372	-84	-2	244	512	530	488	
31	266	388	-102	-68	200	496	530	510	
32	244	394	-118	-138	142	462	512	516	
33	214	388	-132	-210	74	412	476	506	
34	174	372	-144	-278	2	348	424	480	
35	130	344	-154	-342	-76	272	362	440	
36	84	308	-160	-396	-150	188	288	386	
37	38	264	-164	-440	-222	104	212	324	
38	-8	216	-164	-472	-284	20	134	254	
39	-46	166	-162	-490	-336	-56	58	184	
40	-80	118	-160	-494	-374	-124	-10	116	
41	-104	72	-154	-484	-398	-178	-68	52	
42	-122	30	-146	-464	-408	-218	-114	-6	
43	-132	-4	-138	-432	-404	-244	-148	-52	
44	-134	-32	-126	-394	-386	-256	-168	-88	
45	-130	-54	-114	-350	-360	-254	-178	-114	
46	-122	-68	-100	-302	-324	-244	-178	-128	
47	-110	-78	-86	-256	-286	-224	-172	-134	
48	-98	-82	-72	-210	-244	-200	-158	-132	
49	-84	-82	-58	-168	-204	-174	-142	-126	
50	-72	-80	-44	-130	-164	-146	-124	-116	
51	-62	-74	-30	-96	-130	-122	-106	-104	
52	-52	-70	-18	-68	-100	-98	-90	-92	
53	-46	-66	-6	-46	-76	-80	-78	-80	
54	-42	-62	2	-28	-56	-66	-66	-70	
55	-38	-58	10	-14	-42	-56	-58	-62	
56	-36	-56	16	-6	-32	-48	-54	-56	
57	-36	-56	20	2	-24	-44	-50	-52	
58	-38	-56	22	6	-20	-42	-48	-50	
59	-38	-56	24	8	-18	-40	-48	-48	
60	-40	-58	26	10	-18	-42	-48	-48	
61	-42	-58	26	10	-18	-42	-48	-48	
62	-42	-60	26	10	-18	-42	-50	-50	
63	-42	-60	26	12	-18	-44	-50	-50	
64	-42	-60	26	12	-18	-44	-50	-50	
65	-42	-60	28	12	-18	-44	-50	-52	
66	-42	-60	28	12	-18	-44	-50	-52	
67	-40	-60	28	14	-16	-44	-50	-52	
68	-38	-60	28	14	-16	-42	-50	-52	
69	-36	-60	30	16	-14	-42	-50	-52	
70	-36	-58	30	18	-14	-40	-50	-52	
71	-34	-58	30	18	-12	-40	-48	-50	
72	-32	-58	32	20	-12	-38	-48	-50	
73	-32	-58	32	22	-10	-38	-48	-50	
74	-30	-58	32	22	-10	-36	-48	-50	
75	-30	-56	32	24	-10	-36	-48	-48	
76	-30	-56	32	26	-8	-36	-46	-48	
77	-30	-56	32	26	-8	-34	-46	-48	
78	-30	-56	32	28	-6	-34	-46	-46	
79	-30	-56	32	28	-6	-32	-46	-46	
80	-30	-56	32	30	-6	-32	-44	-44	
81	-30	-54	34	30	-4	-30	-44	-44	
82	-30	-54	34	32	-4	-30	-42	-42	
83	-30	-54	34	32	-2	-28	-42	-40	
84	-28	-52	34	34	-2	-28	-40	-40	
85	-28	-52	36	34	0	-26	-38	-38	
86	-28	-52	36	36	2	-26	-38	-38	
87	-28	-52	36	36	2	-24	-36	-38	
88	-28	-52	36	36	4	-24	-36	-36	
89	-26	-52	36	38	4	-22	-36	-36	
90	-26	-52	36	38	6	-22	-34	-36	
91	-26	-52	36	40	6	-22	-34	-38	
92	-26	-52	36	40	8	-22	-34	-38	
93	-26	-52	36	42	8	-22	-34	-38	
94	-26	-54	36	42	10	-22	-34	-38	
95	-26	-54	36	44	10	-22	-34	-38	
96	-26	-52	36	44	12	-22	-34	-38	
97	-26	-52	36	46	12	-20	-34	-38	
98	-26	-52	34	48	14	-20	-34	-38	
99	-26	-52	34	48	14	-20	-34	-38	
100	-26	-52	34	50	16	-18	-32	-38	
101	-26	-52	34	52	16	-18	-32	-38	
102	-26	-50	34	54	18	-18	-32	-38	
103	-24	-50	34	56	20	-16	-32	-36	
104	-24	-48	36	56	20	-16	-30	-36	
105	-22	-48	36	58	22	-14	-30	-36	
106	-20	-48	36	60	24	-12	-30	-36	
107	-18	-46	36	62	24	-12	-28	-34	
108	-18	-46	36	62	26	-10	-28	-34	
109	-16	-44	36	64	28	-8	-28	-34	
110	-16	-44	36	66	30	-8	-26	-34	
111	-16	-44	36	68	32	-6	-26	-34	
112	-16	-44	36	68	34	-4	-26	-34	
113	-16	-44	36	70	36	-2	-24	-32	
114	-16	-44	36	72	38	-2	-24	-32	
115	-16	-44	36	74	40	0	-22	-32	
116	-16	-44	36	76	42	2	-20	-30	
117	-16	-42	36	78	44	4	-20	-30	
118	-14	-42	38	82	46	6	-18	-28	
119	-14	-40	38	84	48	8	-16	-28	
120	-12	-38	38	86	52	12	-14	-26	
121	-10	-36	40	90	54	14	-12	-24	
122	-8	-34	40	94	58	16	-8	-22	
123	-6	-32	40	96	60	20	-6	-20	
124	-4	-28	42	100	64	22	-4	-18	
125	-2	-26	42	104	68	26	0	-16	
126	0	-24	42	108	70	28	2	-14	
127	0	-22	42	110	74	32	4	-12	
128	2	-22	44	114	76	34	6	-10	
129	2	-20	44	116	80	38	10	-8	
130	2	-20	44	120	82	40	12	-6	
131	2	-18	44	124	86	44	14	-6	
132	2	-18	44	126	90	46	16	-4	
133	4	-16	44	130	92	50	18	-2	
134	4	-14	44	134	96	54	20	0	
135	4	-12	44	138	102	56	22	0	
136	6	-8	46	142	106	60	26	2	
137	8	-4	46	146	110	64	30	6	
138	12	0	46	150	116	70	32	8	
139	14	6	46	156	122	74	36	12	
140	18	10	48	160	126	78	40	14	
141	22	16	48	164	132	84	46	18	
142	24	22	48	168	138	88	50	22	
143	28	28	50	172	142	94	54	26	
144	32	34	50	176	148	98	58	30	
145	34	38	50	180	152	102	62	34	
146	36	42	48	182	156	108	68	38	
147	38	46	48	184	158	112	72	42	
148	40	48	48	186	162	116	76	46	
149	40	52	46	188	164	118	78	50	
150	42	54	44	188	166	122	82	52	
151	42	56	42	188	168	126	86	56	
152	44	58	40	188	170	128	88	60	
153	44	60	38	188	172	132	92	62	
154	46	62	36	188	172	134	94	66	
155	48	64	32	186	174	136	98	70	
156	50	68	30	186	174	140	100	72	
157	52	70	28	184	174	142	102	76	
158	54	74	26	182	174	144	106	78	
159	56	76	22	182	174	146	108	82	
160	58	80	20	178	172	146	110	84	
161	60	84	18	176	172	148	110	86	
162	62	86	16	174	170	148	112	88	
163	62	90	14	172	168	150	114	92	
164	64	92	12	168	166	150	114	92	
165	64	94	10	164	164	150	116	94	
166	64	96	8	160	162	150	116	96	
167	64	96	6	156	160	148	116	98	
168	66	98	4	152	156	148	116	98	
169	66	98	2	146	152	146	116	98	
170	66	98	0	142	150	144	114	100	
171	66	98	0	136	146	142	114	100	
172	64	98	-2	130	142	140	112	100	
173	64	96	-4	124	138	136	112	98	
174	64	96	-6	118	132	134	110	98	
175	64	94	-6	110	128	130	108	96	
176	64	92	-8	104	124	126	104	94	
177	62	90	-8	98	118	122	102	92	
178	62	88	-10	90	112	116	98	90	
179	60	84	-10	84	106	112	94	86	
180	58	80	-10	76	102	106	90	84	
181	56	78	-10	70	96	100	86	80	
182	52	72	-10	64	88	96	82	76	
183	48	68	-10	56	82	90	76	72	
184	44	62	-10	50	76	82	72	66	
185	40	58	-10	44	70	76	66	62	
186	36	52	-10	38	64	70	60	58	
187	32	44	-10	32	58	64	56	54	
188	28	38	-10	26	50	58	50	48	
189	24	32	-10	22	44	52	46	44	
190	18	26	-10	16	38	46	40	40	
191	14	20	-10	12	34	40	36	36	
192	12	14	-10	8	28	36	30	30	
193	8	10	-10	4	24	32	26	26	
194	4	6	-10	2	18	26	22	24	
195	2	2	-8	-2	14	22	18	20	
196	0	-2	-8	-4	12	18	14	16	
197	-2	-4	-8	-6	8	16	12	14	
198	-2	-8	-6	-8	4	12	8	10	
199	-4	-10	-6	-10	2	8	6	8	
200	-6	-12	-6	-10	0	6	4	6	
201	-6	-14	-4	-12	-2	4	2	2	
202	-8	-14	-4	-12	-4	0	0	0	
203	-8	-16	-4	-14	-6	-2	-2	0	
204	-10	-18	-4	-14	-8	-4	-4	-2	
205	-12	-22	-2	-14	-10	-6	-6	-4	
206	-12	-24	-2	-16	-12	-8	-6	-6	
207	-14	-26	-2	-16	-14	-10	-8	-6	
208	-14	-28	-2	-16	-14	-12	-10	-8	
209	-16	-30	-2	-16	-16	-12	-10	-8	
210	-16	-30	0	-16	-16	-14	-12	-8	
211	-18	-32	0	-14	-16	-14	-12	-10	
212	-18	-34	0	-14	-18	-14	-14	-10	
213	-18	-34	2	-14	-18	-16	-14	-10	
214	-18	-34	2	-14	-18	-16	-16	-12	
215	-18	-34	2	-14	-18	-16	-16	-12	
216	-18	-34	4	-12	-18	-16	-18	-12	
217	-18	-34	4	-12	-16	-18	-18	-14	
218	-18	-34	4	-12	-16	-18	-18	-14	
219	-18	-32	4	-10	-16	-18	-18	-14	
220	-16	-32	6	-10	-14	-18	-18	-16	
221	-16	-32	6	-10	-14	-18	-18	-16	
222	-16	-32	6	-10	-12	-18	-18	-16	
223	-18	-32	6	-8	-10	-16	-18	-16	
224	-18	-32	8	-8	-10	-16	-18	-16	
225	-18	-32	8	-6	-8	-16	-16	-16	
226	-18	-32	8	-6	-8	-16	-16	-16	
227	-18	-32	8	-6	-6	-14	-16	-16	
228	-18	-32	8	-6	-6	-14	-16	-14	
229	-18	-32	8	-4	-6	-14	-16	-14	
230	-18	-32	8	-4	-4	-14	-14	-14	
231	-20	-32	8	-4	-4	-14	-14	-14	
232	-20	-32	8	-4	-4	-14	-14	-14	
233	-20	-32	8	-4	-4	-14	-16	-14	
234	-20	-32	6	-4	-4	-14	-16	-14	
235	-22	-34	6	-4	-4	-14	-16	-14	
236	-22	-34	6	-4	-4	-14	-16	-14	
237	-22	-34	6	-4	-2	-14	-16	-14	
238	-24	-32	6	-4	-2	-12	-16	-14	
239	-24	-32	4	-4	-2	-12	-14	-14	
240	-24	-32	4	-4	-2	-12	-14	-14	
241	-24	-30	4	-4	0	-12	-14	-14	
242	-24	-30	6	-4	0	-10	-12	-14	
243	-24	-28	6	-2	2	-10	-12	-12	
244	-22	-26	6	-2	2	-8	-10	-12	
245	-22	-24	6	-2	2	-8	-10	-12	
246	-20	-24	6	0	4	-6	-10	-10	
247	-20	-22	8	0	4	-6	-8	-10	
248	-20	-22	8	0	4	-4	-8	-8	
249	-20	-22	8	0	4	-4	-8	-8	
250	-20	-22	8	0	4	-4	-8	-8	
251	-20	-22	8	-2	4	-4	-8	-8	
252	-20	-22	6	-2	4	-4	-10	-8	
253	-22	-24	6	-2	2	-4	-10	-10	
254	-22	-24	6	-2	2	-4	-10	-10	
255	-24	-26	6	-4	2	-6	-10	-12	
256	-24	-26	4	-4	2	-6	-10	-12	
257	-26	-26	4	-4	2	-6	-12	-14	
258	-26	-26	4	-6	2	-6	-12	-14	
259	-26	-26	4	-6	2	-6	-12	-16	
260	-24	-26	4	-6	2	-6	-10	-16	
261	-24	-24	4	-6	2	-6	-10	-18	
262	-22	-24	4	-4	2	-6	-10	-18	
263	-20	-22	4	-4	2	-6	-10	-18	
264	-18	-20	4	-4	2	-6	-10	-18	
265	-16	-18	4	-4	2	-6	-8	-18	
266	-14	-18	4	-4	2	-6	-8	-16	
267	-12	-18	6	-4	2	-6	-8	-16	
268	-12	-16	6	-4	2	-6	-8	-14	
269	-10	-18	6	-4	0	-6	-8	-14	
270	-10	-18	4	-6	0	-6	-8	-12	
271	-10	-18	4	-6	-2	-8	-8	-12	
272	-10	-20	4	-8	-4	-8	-8	-12	
273	-12	-22	2	-8	-6	-8	-8	-10	
274	-12	-24	0	-10	-8	-10	-10	-10	
275	-14	-24	0	-12	-10	-10	-10	-12	
276	-14	-26	-2	-14	-12	-12	-10	-12	
277	-16	-26	-2	-14	-14	-12	-12	-12	
278	-16	-28	-2	-16	-16	-14	-12	-12	
279	-16	-28	-4	-16	-18	-14	-12	-14	
280	-18	-28	-4	-18	-18	-14	-12	-14	
281	-18	-28	-4	-18	-20	-16	-14	-16	
282	-16	-28	-4	-18	-20	-16	-14	-16	
283	-16	-28	-4	-18	-20	-16	-14	-16	
284	-16	-28	-2	-18	-20	-18	-14	-16	
285	-16	-28	-2	-18	-20	-18	-14	-18	
286	-16	-28	-2	-18	-20	-18	-14	-18	
287	-16	-28	-2	-20	-20	-18	-14	-18	
288	-16	-30	-2	-20	-20	-20	-16	-18	
289	-18	-30	-2	-20	-20	-20	-16	-18	
290	-18	-32	-4	-22	-22	-22	-18	-20	
291	-18	-34	-4	-22	-22	-22	-18	-20	
292	-20	-34	-4	-24	-22	-24	-18	-20	
293	-20	-36	-6	-24	-24	-24	-20	-22	
294	-20	-36	-6	-26	-24	-26	-20	-22	
295	-20	-36	-8	-26	-24	-26	-22	-22	
296	-20	-36	-8	-28	-26	-26	-22	-24	
297	-20	-36	-8	-28	-26	-28	-22	-24	
298	-20	-36	-10	-30	-28	-28	-22	-24	
299	-18	-34	-10	-30	-28	-28	-22	-24	
300	-18	-34	-10	-30	-28	-28	-22	-24	
301	-16	-32	-10	-30	-28	-26	-22	-24	
302	-16	-32	-8	-30	-30	-26	-22	-24	
303	-14	-30	-8	-28	-30	-26	-22	-24	
304	-12	-28	-8	-28	-30	-26	-22	-22	
305	-12	-28	-8	-28	-30	-26	-22	-22	
306	-10	-28	-8	-28	-30	-26	-22	-22	
307	-10	-26	-8	-28	-30	-26	-22	-20	
308	-8	-26	-8	-28	-30	-26	-22	-20	
309	-8	-26	-8	-28	-30	-26	-22	-20	
310	-8	-26	-8	-30	-30	-26	-22	-20	
311	-8	-26	-8	-30	-32	-26	-22	-20	
312	-8	-26	-8	-30	-32	-26	-22	-20	
313	-8	-26	-8	-30	-32	-28	-22	-20	
314	-8	-26	-8	-32	-32	-28	-22	-20	
315	-8	-26	-8	-32	-32	-28	-24	-22	
316	-8	-26	-8	-32	-32	-30	-24	-22	
317	-10	-28	-8	-32	-32	-30	-24	-22	
318	-10	-28	-8	-32	-32	-30	-24	-22	
319	-12	-28	-8	-32	-32	-30	-24	-24	
320	-12	-30	-8	-32	-32	-30	-26	-24	
321	-14	-32	-8	-32	-32	-32	-26	-24	
322	-14	-32	-8	-34	-32	-32	-26	-24	
323	-16	-34	-6	-34	-32	-32	-26	-26	
324	-18	-34	-6	-34	-32	-32	-26	-26	
325	-20	-36	-6	-34	-32	-32	-26	-26	
326	-20	-36	-8	-34	-34	-32	-28	-26	
327	-22	-38	-8	-36	-34	-32	-28	-28	
328	-24	-38	-8	-36	-34	-32	-28	-28	
329	-24	-38	-8	-36	-34	-32	-28	-28	
330	-26	-40	-10	-38	-34	-32	-28	-28	
331	-26	-40	-10	-38	-34	-32	-28	-28	
332	-26	-40	-10	-38	-34	-32	-28	-30	
333	-26	-40	-10	-38	-36	-32	-28	-30	
334	-26	-40	-12	-38	-36	-32	-28	-30	
335	-26	-40	-12	-38	-36	-32	-28	-30	
336	-26	-40	-12	-38	-34	-32	-28	-30	
337	-26	-40	-12	-38	-34	-32	-28	-30	
338	-26	-42	-12	-38	-34	-32	-28	-30	
339	-24	-42	-12	-38	-34	-32	-28	-30	
340	-24	-42	-12	-38	-34	-32	-28	-30	
341	-24	-42	-12	-36	-34	-32	-28	-28	
342	-24	-42	-10	-36	-34	-32	-28	-28	
343	-22	-42	-10	-36	-36	-32	-28	-28	
344	-22	-42	-10	-36	-36	-32	-28	-28	
345	-22	-42	-10	-34	-36	-32	-26	-28	
346	-22	-42	-10	-34	-36	-32	-26	-28	
347	-22	-42	-12	-34	-36	-34	-26	-28	
348	-22	-40	-12	-34	-38	-34	-26	-28	
349	-22	-40	-12	-34	-38	-34	-26	-28	
350	-22	-40	-12	-34	-38	-34	-28	-28	
351	-22	-40	-12	-36	-40	-36	-28	-30	
352	-22	-40	-12	-36	-40	-36	-28	-30	
353	-22	-40	-14	-36	-40	-36	-30	-32	
354	-22	-40	-14	-36	-40	-36	-30	-32	
355	-22	-40	-14	-36	-40	-36	-30	-34	
356	-22	-40	-14	-38	-40	-36	-30	-34	
357	-22	-40	-14	-36	-40	-36	-32	-34	
358	-20	-38	-14	-36	-40	-36	-32	-34	
359	-20	-38	-12	-36	-40	-36	-32	-34	
360	-18	-36	-12	-36	-40	-34	-32	-34	
361	-18	-36	-12	-36	-38	-34	-30	-34	
362	-16	-34	-10	-34	-38	-34	-30	-32	
363	-14	-32	-10	-34	-38	-32	-30	-32	
364	-14	-32	-8	-34	-38	-32	-28	-32	
365	-12	-30	-8	-34	-36	-32	-28	-30	
366	-12	-28	-8	-32	-36	-30	-28	-30	
367	-10	-28	-8	-32	-36	-30	-26	-30	
368	-10	-26	-8	-32	-36	-30	-26	-28	
369	-8	-26	-6	-32	-34	-30	-26	-28	
370	-8	-24	-6	-32	-34	-28	-24	-28	
371	-8	-24	-6	-32	-34	-28	-24	-26	
372	-8	-22	-6	-32	-32	-28	-22	-26	
373	-6	-20	-6	-30	-30	-26	-22	-26	
374	-6	-18	-6	-30	-30	-26	-20	-24	
375	-6	-18	-6	-30	-28	-24	-20	-24	
376	-4	-16	-4	-28	-26	-22	-18	-22	
377	-4	-14	-4	-28	-22	-22	-16	-20	
378	-4	-10	-2	-26	-20	-20	-14	-18	
379	-2	-8	0	-24	-18	-18	-12	-18	
380	-2	-6	0	-22	-14	-16	-12	-16	
381	0	-6	2	-20	-12	-14	-10	-14	
382	0	-4	4	-16	-8	-12	-8	-14	
383	2	-2	6	-14	-6	-10	-6	-12	
384	2	-2	6	-12	-4	-10	-4	-10	
385	4	-2	8	-10	-2	-8	-2	-10	
386	4	0	8	-10	0	-6	0	-8	
387	6	0	6	-8	2	-4	0	-6	
388	8	0	6	-8	4	-2	2	-6	
389	10	2	4	-8	6	0	4	-4	
390	12	2	2	-8	8	2	6	-2	
391	14	4	-2	-10	8	4	8	0	
392	16	6	-4	-10	8	6	10	2	
393	18	6	-8	-12	8	6	12	4	
394	20	8	-12	-14	8	6	12	6	
395	22	8	-16	-16	6	6	12	6	
396	22	6	-18	-18	4	6	12	8	
397	22	6	-22	-20	2	4	12	8	
398	20	2	-24	-22	-2	2	10	6	
399	20	0	-26	-24	-6	0	8	6	
400	18	-6	-26	-28	-10	-4	4	4	
401	16	-10	-28	-30	-14	-8	2	2	
402	14	-16	-28	-32	-20	-12	-2	-2	
403	12	-22	-28	-34	-24	-16	-6	-6	
404	12	-28	-28	-34	-28	-20	-10	-8	
405	10	-34	-28	-36	-32	-24	-14	-12	
406	10	-38	-26	-38	-36	-28	-18	-16	
407	10	-40	-26	-40	-40	-32	-22	-18	
408	10	-42	-26	-40	-44	-34	-24	-20	
409	12	-44	-26	-42	-46	-36	-26	-22	
410	12	-44	-26	-44	-48	-38	-28	-24	
411	14	-44	-26	-44	-48	-38	-28	-26	
412	14	-44	-26	-46	-50	-40	-30	-26	
413	14	-42	-26	-46	-50	-40	-30	-26	
414	12	-40	-28	-48	-50	-40	-32	-28	
415	12	-40	-28	-48	-50	-42	-32	-28	
416	10	-40	-28	-50	-50	-42	-32	-28	
417	6	-38	-28	-50	-50	-42	-32	-30	
418	4	-38	-28	-50	-48	-42	-34	-30	
419	0	-38	-26	-50	-48	-42	-34	-30	
420	-4	-38	-26	-50	-48	-42	-34	-32	
421	-6	-40	-24	-50	-48	-42	-34	-32	
422	-10	-40	-22	-50	-46	-42	-34	-32	
423	-12	-40	-22	-50	-46	-42	-34	-32	
424	-14	-40	-20	-48	-46	-42	-32	-32	
425	-14	-40	-18	-48	-44	-42	-32	-32	
426	-16	-40	-18	-46	-44	-42	-32	-32	
427	-16	-42	-16	-46	-44	-42	-32	-32	
428	-16	-42	-16	-46	-44	-42	-32	-32	
429	-14	-42	-14	-44	-44	-42	-32	-32	
430	-14	-42	-14	-44	-44	-42	-32	-32	
431	-14	-42	-14	-44	-44	-42	-32	-34	
432	-14	-42	-14	-46	-46	-42	-34	-34	
433	-14	-44	-14	-46	-46	-44	-34	-34	
434	-14	-44	-14	-46	-48	-44	-36	-36	
435	-14	-44	-16	-48	-48	-46	-36	-36	
436	-16	-46	-16	-48	-50	-46	-38	-38	
437	-18	-46	-16	-50	-50	-48	-38	-38	
438	-18	-46	-18	-50	-52	-48	-38	-38	
439	-20	-48	-18	-52	-52	-48	-40	-40	
440	-22	-48	-18	-54	-52	-50	-40	-40	
441	-24	-48	-20	-54	-54	-50	-40	-40	
442	-24	-48	-20	-56	-54	-50	-40	-42	
443	-26	-48	-20	-56	-54	-50	-40	-42	
444	-28	-50	-20	-58	-54	-52	-40	-42	
445	-28	-50	-20	-58	-56	-52	-40	-42	
446	-30	-52	-20	-58	-56	-54	-42	-42	
447	-32	-52	-18	-58	-56	-54	-42	-42	
448	-34	-54	-18	-56	-56	-56	-44	-44	
449	-36	-58	-16	-54	-56	-60	-48	-46	
450	-36	-60	-12	-52	-56	-62	-50	-48	
451	-40	-64	-8	-46	-56	-64	-54	-52	
452	-40	-66	-4	-40	-52	-66	-58	-56	
453	-42	-70	2	-30	-48	-68	-60	-60	
454	-42	-72	8	-18	-42	-66	-62	-64	
455	-42	-72	16	-4	-32	-64	-62	-66	
456	-38	-70	22	14	-20	-56	-60	-68	
457	-30	-68	30	34	-4	-46	-54	-68	
458	-20	-60	36	58	16	-30	-42	-62	
459	-6	-48	40	84	42	-6	-24	-54	
460	14	-32	44	110	70	22	0	-40	
461	40	-12	46	136	102	60	32	-18	
462	68	14	46	162	136	102	72	10	
463	102	46	42	184	172	152	118	44	
464	138	82	36	200	206	204	168	88	
465	176	124	26	210	238	260	224	136	
466	212	168	12	210	266	316	282	190	
467	246	212	-4	198	286	368	340	246	
468	274	256	-22	174	296	414	392	304	
469	296	298	-42	138	296	450	436	358	
470	308	336	-64	90	284	474	472	406	
471	310	366	-86	28	258	484	492	444	
472	300	388	-106	-40	218	476	500	472	
473	280	398	-126	-118	168	452	490	486	
474	250	398	-144	-196	106	410	464	484	
475	210	386	-158	-276	38	356	424	468	
476	164	364	-172	-350	-34	288	370	438	
477	114	332	-180	-418	-108	212	306	392	
478	64	290	-186	-474	-178	132	236	338	
479	14	244	-190	-516	-242	52	162	276	
480	-32	196	-190	-542	-296	-24	90	210	
481	-70	146	-188	-554	-338	-92	24	144	
482	-102	96	-182	-548	-368	-148	-36	80	
483	-126	52	-174	-530	-382	-192	-84	24	
484	-140	12	-164	-500	-382	-222	-122	-26	
485	-146	-20	-152	-458	-370	-240	-148	-66	
486	-146	-46	-140	-412	-348	-244	-162	-94	
487	-140	-64	-124	-360	-318	-236	-166	-114	
488	-128	-76	-110	-308	-282	-222	-164	-124	
489	-116	-82	-94	-256	-242	-200	-154	-126	
490	-100	-84	-78	-208	-202	-176	-140	-122	
491	-86	-80	-62	-164	-164	-150	-124	-116	
492	-72	-76	-48	-124	-130	-126	-108	-104	
493	-60	-70	-34	-92	-100	-104	-92	-94	
494	-50	-62	-22	-66	-74	-84	-78	-82	
495	-42	-56	-10	-44	-52	-68	-68	-72	
496	-36	-50	-2	-28	-36	-56	-58	-64	
497	-32	-46	6	-16	-26	-46	-52	-58	
498	-28	-42	10	-8	-18	-40	-48	-52	
499	-26	-42	14	-2	-12	-38	-46	-50	
500	-26	-40	18	0	-10	-36	-44	-48	
501	-26	-40	20	4	-8	-34	-44	-48	
502	-28	-42	20	4	-8	-34	-46	-48	
503	-28	-44	20	6	-8	-36	-46	-48	
504	-30	-44	20	6	-10	-36	-48	-48	
505	-32	-46	20	6	-10	-36	-48	-50	
506	-32	-48	20	6	-10	-36	-48	-50	
507	-34	-50	20	8	-10	-36	-50	-50	
508	-34	-52	20	8	-8	-36	-50	-50	
509	-34	-52	20	8	-8	-36	-50	-50	
510	-34	-54	20	10	-8	-36	-50	-50	
511	-34	-54	22	10	-6	-36	-48	-50	
512	-34	-54	22	12	-6	-36	-48	-50	
513	-34	-54	22	12	-4	-36	-48	-50	
514	-34	-52	22	14	-4	-36	-48	-50	
515	-32	-52	22	14	-2	-34	-46	-48	
516	-32	-50	22	16	-2	-34	-46	-48	
517	-32	-48	22	16	-2	-34	-44	-48	
518	-30	-48	22	18	-2	-34	-44	-48	
519	-30	-46	22	18	0	-34	-44	-48	
520	-30	-46	22	20	0	-34	-44	-46	
521	-30	-46	20	20	0	-34	-42	-46	
522	-30	-46	20	20	0	-34	-42	-46	
523	-28	-46	20	22	0	-34	-42	-46	
524	-28	-46	18	22	2	-34	-42	-46	
525	-30	-46	18	22	2	-32	-42	-46	
526	-30	-48	18	22	2	-32	-42	-46	
527	-30	-48	18	24	4	-32	-42	-46	
528	-30	-50	18	24	4	-30	-42	-46	
529	-30	-50	18	26	4	-30	-42	-46	
530	-32	-50	18	26	6	-28	-42	-46	
531	-32	-50	18	28	6	-28	-42	-46	
532	-30	-50	20	28	8	-26	-40	-46	
533	-30	-50	20	30	10	-24	-40	-46	
534	-30	-50	20	32	10	-24	-40	-46	
535	-28	-48	22	32	12	-22	-38	-44	
536	-28	-48	22	34	14	-20	-38	-44	
537	-26	-46	22	36	16	-20	-38	-44	
538	-26	-46	24	38	16	-18	-36	-44	
539	-24	-44	24	40	18	-18	-36	-42	
540	-24	-44	24	42	20	-16	-36	-42	
541	-24	-44	24	42	20	-16	-34	-42	
542	-24	-44	24	44	22	-16	-34	-42	
543	-24	-42	24	46	22	-16	-34	-40	
544	-22	-42	24	46	24	-14	-34	-40	
545	-22	-40	24	48	24	-14	-34	-40	
546	-22	-40	24	50	26	-14	-34	-40	
547	-20	-38	24	52	26	-12	-32	-40	
548	-18	-36	24	52	28	-12	-32	-40	
549	-16	-32	24	54	30	-10	-30	-38	
550	-14	-30	26	56	30	-10	-30	-38	
551	-12	-28	26	58	32	-8	-28	-38	
552	-10	-26	26	60	34	-6	-26	-36	
553	-8	-22	26	64	36	-4	-26	-34	
554	-6	-22	28	66	38	-2	-24	-34	
555	-4	-20	28	68	42	0	-22	-32	
556	-4	-20	28	70	44	2	-20	-30	
557	-2	-20	28	74	46	4	-20	-30	
558	-2	-20	30	76	48	4	-18	-28	
559	-2	-20	30	78	50	6	-16	-26	
560	-4	-22	30	80	52	8	-16	-26	
561	-4	-22	30	84	54	10	-14	-24	
562	-4	-24	30	86	56	12	-14	-24	
563	-4	-24	30	88	58	14	-14	-22	
564	-6	-24	30	92	60	16	-12	-22	
565	-6	-24	28	94	62	18	-10	-20	
566	-6	-24	28	98	64	20	-10	-20	
567	-6	-22	28	102	66	22	-8	-18	
568	-4	-20	28	104	70	24	-6	-18	
569	-4	-18	28	108	72	28	-4	-16	
570	-2	-16	28	112	76	30	-2	-14	
571	-2	-14	28	116	78	32	0	-14	
572	0	-10	28	122	82	36	2	-12	
573	0	-8	28	126	86	40	4	-10	
574	2	-6	28	130	90	42	8	-10	
575	2	-4	28	136	92	46	10	-8	
576	4	-2	30	140	96	50	12	-6	
577	6	0	30	144	102	54	16	-4	
578	6	4	30	150	106	56	18	-2	
579	10	6	30	154	110	60	22	0	
580	12	10	32	158	114	66	26	4	
581	14	12	32	164	120	70	30	6	
582	18	18	32	168	124	74	32	10	
583	22	22	34	172	130	78	36	14	
584	26	28	34	176	134	84	40	16	
585	30	32	34	180	140	88	46	20	
586	36	38	34	184	144	94	50	24	
587	40	46	34	188	148	98	54	30	
588	44	52	34	192	152	102	60	34	
589	48	58	34	194	156	108	64	38	
590	52	62	32	196	160	112	68	42	
591	56	68	32	198	164	116	72	46	
592	58	72	30	200	166	120	76	50	
593	60	78	28	202	168	124	80	52	
594	62	80	26	202	170	126	84	56	
595	64	84	24	202	172	130	88	60	
596	64	88	22	202	174	132	90	62	
597	66	90	20	200	174	136	94	66	
598	68	92	18	200	174	138	96	68	
599	70	94	16	198	174	140	98	70	
600	70	96	14	196	174	142	100	72	
601	72	100	12	194	174	142	102	76	
602	74	102	10	192	172	144	102	78	
603	76	102	8	190	172	146	104	80	
604	78	104	4	186	170	146	106	82	
605	80	106	2	182	168	146	108	84	
606	80	106	0	178	166	146	108	86	
607	82	108	-2	174	164	146	108	86	
608	82	108	-4	170	162	144	108	88	
609	82	108	-6	164	160	144	108	88	
610	80	108	-8	158	156	142	108	90	
611	80	108	-10	152	152	140	108	90	
612	80	108	-12	146	148	136	106	90	
613	78	106	-14	140	144	134	106	90	
614	76	106	-18	132	140	132	104	88	
615	74	104	-20	124	136	128	102	88	
616	74	104	-22	116	130	124	98	86	
617	72	102	-24	110	126	120	96	84	
618	70	100	-24	102	120	116	92	82	
619	68	98	-26	94	114	110	90	80	
620	66	94	-28	86	108	106	86	78	
621	64	90	-28	78	102	100	82	74	
622	62	86	-30	72	96	96	78	72	
623	60	80	-30	64	90	90	74	68	
624	56	76	-30	56	84	84	70	64	
625	54	70	-32	50	78	80	66	60	
626	50	64	-32	44	72	74	60	56	
627	46	58	-32	36	66	68	56	52	
628	42	52	-32	30	60	62	52	48	
629	38	46	-32	24	54	56	46	44	
630	34	42	-30	20	48	52	42	40	
631	30	38	-30	14	42	46	38	34	
632	26	34	-30	10	38	40	32	30	
633	22	30	-30	4	32	36	28	26	
634	20	26	-32	0	28	30	24	22	
635	16	22	-32	-4	24	26	20	18	
636	14	20	-32	-8	20	22	16	16	
637	10	16	-32	-10	16	18	12	12	
638	8	12	-32	-12	12	14	10	8	
639	6	10	-32	-16	8	12	6	6	
640	4	6	-32	-18	6	8	4	4	
641	2	2	-30	-20	2	6	2	2	
642	0	-2	-30	-20	0	2	0	-2	
643	-2	-4	-30	-22	-2	0	-2	-2	
644	-4	-8	-28	-22	-4	-2	-4	-4	
645	-6	-10	-28	-24	-6	-4	-6	-6	
646	-6	-14	-26	-24	-8	-6	-8	-8	
647	-8	-16	-26	-24	-8	-8	-10	-8	
648	-8	-18	-24	-24	-10	-8	-12	-10	
649	-10	-20	-24	-24	-10	-10	-12	-12	
650	-10	-20	-22	-24	-10	-12	-14	-12	
651	-10	-20	-22	-26	-12	-14	-16	-14	
652	-10	-20	-22	-26	-12	-14	-16	-14	
653	-10	-20	-20	-26	-12	-16	-18	-16	
654	-10	-20	-20	-26	-12	-16	-18	-16	
655	-10	-20	-20	-26	-12	-16	-20	-18	
656	-8	-20	-20	-26	-12	-18	-20	-18	
657	-8	-20	-20	-24	-12	-18	-20	-18	
658	-8	-20	-18	-24	-12	-18	-20	-20	
659	-8	-20	-18	-24	-12	-18	-20	-20	
660	-8	-20	-18	-22	-12	-18	-20	-20	
661	-8	-20	-18	-22	-10	-18	-20	-20	
662	-8	-20	-16	-20	-10	-18	-20	-22	
663	-8	-20	-16	-20	-10	-18	-20	-22	
664	-8	-20	-16	-18	-10	-18	-20	-22	
665	-10	-20	-14	-18	-8	-18	-20	-22	
666	-10	-22	-14	-16	-8	-18	-20	-22	
667	-10	-22	-14	-16	-8	-18	-20	-22	
668	-12	-22	-14	-16	-6	-18	-20	-22	
669	-12	-22	-14	-14	-6	-18	-20	-22	
670	-12	-22	-14	-14	-6	-18	-20	-22	
671	-12	-22	-14	-14	-4	-18	-20	-22	
672	-12	-22	-14	-14	-4	-18	-20	-22	
673	-12	-22	-14	-12	-4	-18	-20	-22	
674	-12	-22	-14	-12	-2	-18	-18	-22	
675	-12	-20	-14	-12	-2	-18	-18	-22	
676	-12	-20	-14	-12	-2	-16	-18	-22	
677	-12	-18	-14	-12	0	-16	-18	-22	
678	-10	-16	-14	-10	0	-14	-18	-22	
679	-10	-16	-14	-10	0	-14	-16	-22	
680	-10	-14	-14	-10	2	-12	-16	-22	
681	-12	-14	-14	-10	2	-12	-16	-22	
682	-12	-12	-14	-10	2	-10	-16	-22	
683	-12	-12	-14	-8	2	-10	-16	-20	
684	-14	-10	-14	-8	2	-8	-16	-20	
685	-14	-10	-14	-8	4	-8	-16	-20	
686	-16	-10	-14	-8	4	-8	-16	-18	
687	-16	-12	-14	-8	4	-8	-16	-18	
688	-18	-12	-14	-8	2	-8	-16	-18	
689	-18	-14	-14	-8	2	-8	-16	-18	
690	-20	-14	-14	-8	2	-8	-16	-18	
691	-20	-16	-16	-8	2	-10	-16	-18	
692	-20	-18	-16	-10	0	-10	-16	-18	
693	-20	-18	-16	-10	0	-12	-16	-18	
694	-20	-20	-16	-10	0	-12	-16	-18	
695	-20	-20	-16	-12	-2	-12	-16	-18	
696	-20	-22	-16	-12	-2	-12	-16	-18	
697	-18	-22	-16	-12	-2	-14	-16	-18	
698	-18	-22	-16	-14	-2	-14	-16	-18	
699	-16	-20	-16	-14	-2	-14	-14	-18	
700	-14	-20	-16	-14	-4	-14	-14	-16	
701	-14	-18	-16	-14	-4	-12	-12	-16	
702	-12	-18	-16	-14	-4	-12	-12	-16	
703	-10	-16	-16	-14	-2	-12	-10	-16	
704	-10	-14	-16	-16	-2	-12	-10	-14	
705	-8	-12	-16	-16	-2	-10	-10	-14	
706	-8	-12	-18	-16	-2	-10	-8	-14	
707	-8	-10	-18	-16	-2	-10	-8	-12	
708	-6	-10	-18	-16	-2	-10	-8	-12	
709	-6	-10	-18	-16	-2	-10	-8	-12	
710	-6	-10	-18	-16	-2	-10	-8	-12	
711	-6	-10	-18	-18	-4	-10	-10	-12	
712	-6	-10	-20	-18	-4	-12	-10	-12	
713	-6	-10	-20	-18	-4	-12	-10	-12	
714	-6	-10	-20	-20	-4	-12	-12	-14	
715	-6	-12	-20	-20	-6	-12	-12	-14	
716	-6	-12	-20	-20	-6	-14	-12	-14	
717	-6	-12	-22	-22	-6	-14	-14	-14	
718	-6	-14	-22	-22	-8	-14	-14	-14	
719	-6	-14	-22	-22	-8	-16	-14	-14	
720	-6	-14	-22	-24	-10	-16	-14	-14	
721	-6	-14	-22	-24	-10	-16	-16	-14	
722	-6	-14	-22	-26	-12	-16	-16	-14	
723	-6	-14	-22	-26	-12	-18	-16	-16	
724	-8	-14	-22	-28	-14	-18	-18	-16	
725	-8	-14	-22	-28	-16	-20	-18	-16	
726	-8	-14	-22	-30	-16	-20	-20	-16	
727	-8	-16	-22	-30	-18	-22	-20	-18	
728	-10	-16	-22	-30	-18	-22	-22	-18	
729	-10	-16	-22	-32	-20	-24	-22	-18	
730	-10	-16	-22	-32	-20	-24	-22	-20	
731	-10	-18	-22	-32	-22	-26	-24	-20	
732	-12	-18	-22	-32	-22	-26	-24	-20	
733	-12	-18	-22	-32	-22	-28	-24	-22	
734	-12	-18	-24	-34	-24	-28	-24	-22	
735	-12	-18	-24	-34	-24	-28	-24	-22	
736	-12	-20	-24	-34	-24	-28	-24	-22	
737	-12	-20	-24	-34	-26	-30	-24	-22	
738	-12	-20	-24	-34	-26	-30	-24	-22	
739	-12	-20	-26	-36	-26	-30	-24	-22	
740	-12	-22	-26	-36	-28	-30	-24	-22	
741	-14	-22	-26	-36	-28	-30	-24	-22	
742	-14	-22	-26	-36	-28	-30	-24	-22	
743	-14	-22	-28	-36	-30	-30	-24	-22	
744	-14	-24	-28	-36	-30	-30	-24	-22	
745	-16	-24	-28	-36	-32	-30	-26	-22	
746	-16	-24	-28	-36	-32	-32	-26	-22	
747	-16	-24	-28	-36	-32	-32	-26	-22	
748	-16	-24	-28	-38	-32	-32	-26	-22	
749	-16	-24	-28	-38	-34	-32	-26	-22	
750	-16	-24	-28	-38	-34	-34	-26	-22	
751	-16	-24	-28	-38	-34	-34	-26	-22	
752	-14	-24	-26	-38	-34	-34	-28	-22	
753	-14	-24	-26	-38	-34	-36	-28	-24	
754	-14	-24	-26	-38	-34	-36	-28	-24	
755	-14	-22	-26	-40	-34	-36	-28	-24	
756	-12	-22	-24	-40	-34	-36	-28	-24	
757	-12	-22	-24	-40	-36	-36	-30	-24	
758	-12	-22	-24	-38	-36	-36	-30	-24	
759	-12	-22	-22	-38	-36	-36	-30	-24	
760	-12	-24	-22	-38	-36	-38	-30	-26	
761	-12	-24	-22	-38	-36	-36	-30	-26	
762	-14	-24	-22	-38	-36	-36	-30	-26	
763	-14	-24	-20	-38	-36	-36	-30	-26	
764	-14	-26	-20	-38	-36	-36	-30	-26	
765	-14	-26	-20	-38	-36	-36	-30	-26	
766	-16	-26	-20	-38	-38	-36	-30	-26	
767	-16	-26	-22	-38	-38	-36	-30	-26	
768	-16	-26	-22	-38	-38	-36	-30	-26	
769	-16	-26	-22	-40	-38	-34	-30	-26	
770	-16	-26	-22	-40	-38	-34	-30	-26	
771	-16	-26	-24	-40	-38	-34	-30	-26	
772	-16	-26	-24	-40	-38	-34	-30	-24	
773	-16	-24	-24	-40	-38	-34	-28	-24	
774	-14	-24	-24	-42	-38	-34	-28	-24	
775	-14	-22	-24	-42	-38	-34	-28	-24	
776	-12	-22	-24	-42	-38	-34	-28	-22	
777	-12	-22	-24	-42	-38	-34	-26	-22	
778	-10	-22	-24	-42	-36	-34	-26	-22	
779	-10	-22	-22	-42	-36	-34	-26	-22	
780	-10	-22	-22	-42	-36	-34	-28	-22	
781	-8	-22	-22	-42	-34	-34	-28	-22	
782	-8	-24	-20	-42	-34	-34	-28	-22	
783	-8	-24	-20	-42	-34	-34	-28	-22	
784	-10	-26	-20	-42	-32	-36	-30	-22	
785	-10	-28	-20	-42	-32	-36	-30	-22	
786	-10	-28	-20	-42	-32	-36	-32	-22	
787	-12	-30	-20	-42	-30	-36	-32	-24	
788	-12	-30	-20	-42	-30	-36	-32	-24	
789	-14	-32	-20	-42	-30	-38	-34	-24	
790	-14	-32	-20	-42	-30	-38	-34	-26	
791	-14	-32	-20	-42	-28	-38	-34	-26	
792	-14	-32	-20	-42	-28	-38	-34	-26	
793	-14	-32	-20	-42	-28	-38	-34	-26	
794	-14	-30	-20	-42	-28	-40	-34	-26	
795	-14	-30	-20	-40	-28	-40	-34	-26	
796	-14	-30	-18	-40	-28	-40	-34	-26	
797	-12	-28	-18	-40	-28	-40	-34	-26	
798	-12	-28	-18	-42	-28	-40	-34	-26	
799	-12	-30	-18	-42	-30	-40	-34	-26	
800	-12	-30	-18	-42	-30	-40	-34	-24	
801	-12	-30	-18	-42	-30	-42	-34	-24	
802	-12	-32	-20	-42	-32	-42	-34	-24	
803	-12	-34	-20	-44	-32	-42	-34	-24	
804	-12	-36	-20	-44	-32	-42	-34	-22	
805	-12	-36	-22	-44	-34	-42	-34	-22	
806	-12	-38	-22	-46	-34	-42	-34	-22	
807	-14	-38	-24	-46	-34	-42	-32	-22	
808	-14	-38	-24	-46	-34	-42	-32	-22	
809	-12	-36	-24	-44	-34	-40	-32	-20	
810	-12	-34	-24	-44	-32	-40	-30	-20	
811	-12	-32	-22	-42	-32	-38	-30	-20	
812	-12	-28	-20	-40	-30	-38	-28	-18	
813	-10	-26	-18	-38	-26	-36	-26	-18	
814	-10	-22	-16	-36	-24	-34	-24	-16	
815	-8	-16	-14	-34	-22	-32	-22	-14	
816	-8	-14	-10	-30	-18	-30	-20	-12	
817	-6	-10	-8	-28	-16	-28	-18	-12	
818	-4	-6	-4	-24	-12	-24	-16	-10	
819	-2	-4	-2	-22	-8	-22	-14	-8	
820	0	-2	2	-18	-6	-20	-12	-6	
821	2	0	4	-16	-2	-18	-10	-4	
822	4	2	4	-14	0	-16	-8	-4	
823	6	2	6	-12	2	-14	-6	-2	
824	8	4	6	-10	4	-12	-4	0	
825	12	4	6	-10	8	-10	-2	2	
826	14	6	4	-10	8	-8	0	4	
827	18	8	2	-10	10	-8	0	4	
828	20	10	0	-10	12	-6	2	6	
829	24	12	-4	-10	12	-4	4	8	
830	26	14	-8	-12	12	-4	4	10	
831	28	16	-12	-14	12	-2	6	12	
832	30	16	-16	-16	12	-2	6	12	
833	30	16	-20	-18	10	-2	6	14	
834	32	16	-22	-20	6	-4	6	14	
835	32	12	-26	-22	4	-6	4	12	
836	30	10	-28	-24	0	-8	2	12	
837	28	4	-30	-26	-4	-10	0	10	
838	28	-2	-32	-28	-8	-14	-4	8	
839	24	-8	-32	-30	-14	-18	-8	4	
840	22	-16	-32	-34	-20	-22	-12	0	
841	20	-22	-32	-36	-24	-28	-16	-4	
842	18	-28	-34	-38	-30	-32	-20	-8	
843	16	-34	-34	-40	-34	-36	-24	-12	
844	14	-40	-34	-42	-38	-40	-28	-16	
845	14	-44	-34	-44	-42	-44	-32	-18	
846	12	-46	-34	-46	-46	-46	-34	-22	
847	12	-48	-34	-48	-48	-48	-38	-24	
848	12	-48	-36	-48	-50	-50	-38	-26	
849	12	-48	-36	-50	-52	-52	-40	-26	
850	12	-46	-36	-50	-54	-52	-40	-28	
851	10	-44	-36	-52	-54	-52	-40	-28	
852	10	-42	-36	-52	-54	-52	-40	-28	
853	8	-40	-36	-52	-54	-52	-40	-28	
854	8	-40	-34	-52	-54	-52	-38	-28	
855	6	-38	-34	-52	-52	-52	-38	-26	
856	4	-36	-32	-52	-52	-50	-36	-26	
857	0	-36	-30	-52	-50	-50	-36	-26	
858	-2	-34	-28	-52	-50	-50	-34	-24	
859	-4	-34	-26	-52	-48	-50	-34	-24	
860	-6	-34	-24	-50	-48	-50	-34	-24	
861	-8	-36	-22	-50	-48	-50	-32	-24	
862	-10	-36	-20	-50	-48	-50	-32	-24	
863	-12	-36	-20	-50	-48	-52	-32	-24	
864	-12	-38	-18	-50	-46	-52	-34	-24	
865	-14	-40	-18	-50	-48	-54	-34	-24	
866	-14	-40	-18	-48	-48	-54	-34	-24	
867	-14	-42	-18	-48	-48	-56	-36	-26	
868	-16	-44	-18	-48	-48	-56	-36	-26	
869	-16	-46	-18	-48	-48	-58	-38	-26	
870	-16	-48	-18	-48	-48	-58	-38	-28	
871	-16	-48	-18	-48	-48	-58	-40	-28	
872	-18	-50	-18	-48	-50	-60	-42	-28	
873	-18	-50	-20	-48	-50	-60	-42	-28	
874	-18	-52	-20	-48	-50	-60	-42	-30	
875	-18	-52	-20	-48	-52	-60	-44	-30	
876	-18	-52	-20	-48	-52	-60	-44	-30	
877	-18	-52	-20	-48	-52	-60	-44	-30	
878	-18	-50	-20	-50	-54	-58	-44	-30	
879	-18	-50	-20	-50	-54	-58	-46	-30	
880	-18	-48	-20	-50	-56	-58	-46	-30	
881	-18	-48	-20	-52	-56	-60	-46	-30	
882	-20	-48	-22	-52	-58	-60	-46	-30	
883	-20	-48	-22	-54	-60	-60	-48	-30	
884	-20	-48	-20	-54	-60	-62	-50	-32	
885	-22	-50	-20	-54	-62	-64	-52	-34	
886	-24	-52	-18	-54	-62	-68	-54	-36	
887	-26	-54	-16	-52	-64	-70	-58	-40	
888	-30	-58	-12	-48	-62	-72	-62	-44	
889	-32	-60	-8	-42	-60	-76	-66	-48	
890	-34	-64	-4	-34	-58	-76	-70	-52	
891	-36	-68	2	-24	-52	-76	-72	-56	
892	-36	-70	8	-10	-44	-74	-72	-60	
893	-34	-70	14	6	-32	-70	-70	-62	
894	-30	-68	20	24	-18	-60	-64	-64	
895	-20	-62	26	46	0	-44	-54	-60	
896	-8	-52	32	70	22	-24	-36	-52	
897	10	-40	34	94	48	4	-14	-38	
898	34	-20	36	120	78	38	18	-20	
899	62	4	34	144	110	78	54	8	
900	94	32	32	166	144	126	100	40	
901	130	68	24	184	180	178	150	82	
902	168	106	16	196	212	232	206	130	
903	206	148	4	200	242	288	262	182	
904	242	192	-10	196	266	340	318	238	
905	274	234	-26	180	282	388	372	294	
906	300	276	-44	152	288	428	418	348	
907	316	312	-60	114	284	456	454	396	
908	320	344	-78	64	266	470	478	436	
909	316	366	-94	6	236	468	488	466	
910	298	378	-108	-62	194	448	482	482	
911	270	382	-122	-132	140	414	460	482	
912	232	374	-132	-206	78	364	424	470	
913	186	356	-142	-276	10	300	374	442	
914	136	328	-148	-342	-60	228	314	400	
915	84	294	-152	-400	-130	152	246	348	
916	32	252	-154	-448	-196	72	176	288	
917	-16	208	-154	-482	-254	-2	104	224	
918	-56	162	-154	-502	-300	-72	38	158	
919	-90	118	-150	-506	-336	-132	-22	96	
920	-116	76	-146	-498	-360	-178	-72	38	
921	-132	38	-140	-478	-370	-214	-112	-12	
922	-140	6	-132	-446	-366	-234	-140	-54	
923	-142	-22	-122	-408	-352	-244	-158	-84	
924	-136	-42	-112	-364	-330	-242	-166	-106	
925	-128	-56	-102	-316	-300	-230	-164	-120	
926	-116	-66	-90	-268	-266	-212	-158	-124	
927	-102	-72	-76	-222	-230	-192	-146	-124	
928	-88	-74	-64	-180	-196	-168	-132	-118	
929	-76	-74	-52	-140	-162	-144	-118	-110	
930	-66	-72	-40	-108	-132	-124	-104	-100	
931	-56	-68	-28	-80	-106	-104	-90	-90	
932	-50	-64	-18	-58	-84	-88	-80	-82	
933	-44	-62	-10	-40	-66	-76	-70	-74	
934	-40	-58	-2	-26	-52	-66	-64	-66	
935	-38	-56	4	-16	-44	-60	-58	-62	
936	-36	-54	8	-8	-36	-56	-56	-58	
937	-36	-52	12	-4	-32	-52	-52	-56	
938	-36	-52	14	0	-28	-52	-52	-54	
939	-34	-50	16	4	-26	-50	-52	-54	
940	-34	-50	18	6	-26	-50	-50	-54	
941	-34	-50	18	6	-24	-50	-50	-52	
942	-34	-50	20	8	-24	-52	-50	-52	
943	-34	-50	20	8	-24	-52	-52	-52	
944	-34	-50	20	10	-24	-52	-52	-52	
945	-34	-50	20	10	-24	-52	-52	-52	
946	-34	-50	20	12	-24	-52	-52	-52	
947	-34	-50	20	12	-22	-52	-52	-52	
948	-32	-50	20	12	-22	-52	-52	-52	
949	-32	-50	22	14	-22	-50	-50	-52	
950	-32	-50	22	14	-22	-50	-50	-52	
951	-30	-50	22	14	-22	-48	-50	-52	
952	-28	-48	24	16	-20	-46	-50	-52	
953	-28	-48	24	16	-20	-46	-50	-52	
954	-26	-46	26	18	-20	-44	-48	-52	
955	-24	-46	26	18	-18	-42	-48	-52	
956	-22	-44	26	20	-18	-42	-48	-52	
957	-20	-42	28	20	-16	-40	-46	-52	
958	-18	-40	28	22	-16	-40	-46	-50	
959	-18	-38	30	24	-16	-38	-46	-50	
960	-16	-38	30	24	-14	-38	-46	-50	
961	-16	-36	30	26	-14	-38	-46	-50	
962	-16	-36	30	26	-14	-38	-44	-50	
963	-16	-36	30	28	-14	-38	-44	-50	
964	-16	-38	30	28	-12	-38	-44	-48	
965	-16	-38	30	28	-12	-38	-44	-48	
966	-18	-40	28	30	-12	-38	-44	-48	
967	-18	-42	28	30	-12	-38	-44	-48	
968	-18	-42	28	32	-12	-38	-44	-48	
969	-18	-44	28	32	-10	-38	-44	-48	
970	-18	-46	28	32	-10	-38	-42	-48	
971	-18	-46	28	34	-10	-38	-42	-48	
972	-18	-46	28	34	-10	-36	-42	-48	
973	-18	-46	28	34	-8	-36	-42	-48	
974	-18	-46	28	36	-8	-36	-42	-50	
975	-18	-46	28	36	-8	-36	-42	-50	
976	-18	-46	28	38	-8	-36	-42	-50	
977	-18	-46	28	38	-8	-36	-44	-50	
978	-18	-46	30	40	-6	-36	-44	-50	
979	-18	-46	30	40	-6	-36	-44	-50	
980	-18	-46	30	42	-6	-36	-44	-52	
981	-18	-46	32	44	-6	-34	-46	-52	
982	-18	-46	32	44	-4	-34	-46	-52	
983	-18	-44	34	46	-2	-32	-44	-52	
984	-18	-44	34	48	-2	-30	-44	-50	
985	-16	-42	36	50	0	-30	-42	-50	
986	-16	-40	38	54	2	-26	-42	-50	
987	-14	-38	38	56	6	-24	-40	-48	
988	-12	-36	40	58	8	-22	-36	-46	
989	-8	-34	42	60	12	-20	-34	-44	
990	-6	-30	42	64	14	-18	-32	-44	
991	-4	-28	44	66	18	-14	-30	-42	
992	-2	-24	44	68	20	-12	-28	-40	
993	0	-22	44	70	24	-10	-26	-38	
994	2	-20	46	72	26	-8	-24	-36	
995	2	-18	46	74	28	-6	-22	-36	
996	4	-16	46	78	32	-6	-22	-34	
997	4	-14	46	80	34	-4	-20	-34	
998	4	-14	46	82	36	-2	-20	-34	
999	4	-14	46	84	38	-2	-20	-32	
1000	2	-14	46	86	38	0	-18	-32	
1001	2	-14	46	88	40	2	-18	-32	
1002	2	-14	48	92	42	2	-18	-30	
1003	2	-14	48	94	44	4	-16	-30	
1004	2	-16	48	98	46	6	-16	-28	
1005	2	-16	50	102	50	8	-14	-28	
1006	2	-16	50	104	52	10	-12	-26	
1007	2	-14	50	108	54	12	-10	-24	
1008	2	-14	50	112	58	16	-6	-20	
1009	4	-12	52	116	62	20	-4	-18	
1010	4	-12	52	120	64	22	0	-16	
1011	6	-10	52	124	68	26	2	-12	
1012	6	-8	52	128	72	32	6	-8	
1013	8	-4	52	132	76	36	10	-4	
1014	10	-2	52	136	80	40	14	0	
1015	10	2	52	140	86	46	18	2	
1016	12	4	52	146	90	50	24	6	
1017	14	8	52	150	96	56	28	10	
1018	16	12	54	154	100	60	32	14	
1019	18	16	54	158	106	66	36	18	
1020	20	20	54	162	110	70	40	22	
1021	22	24	54	166	116	76	44	24	
1022	24	28	54	170	120	80	48	28	
1023	26	34	54	174	124	84	52	30	
1024	28	38	54	178	128	88	54	34	
1025	30	44	54	180	132	92	58	36	
1026	32	48	54	182	136	94	62	40	
1027	34	54	52	184	140	98	64	42	
1028	38	60	52	186	142	102	68	46	
1029	40	66	50	188	146	106	72	48	
1030	42	70	48	188	148	108	74	52	
1031	46	76	46	188	150	112	78	56	
1032	48	82	46	190	152	116	82	60	
1033	52	86	44	190	154	118	86	64	
1034	56	90	42	188	156	122	90	66	
1035	58	94	40	188	156	124	92	70	
1036	62	98	38	188	158	126	96	74	
1037	64	100	38	186	158	130	98	78	
1038	68	104	36	184	158	132	102	82	
1039	70	106	34	182	158	132	104	84	
1040	70	108	32	180	158	134	106	88	
1041	72	110	30	176	156	134	108	90	
1042	72	110	28	174	154	134	108	92	
1043	72	112	26	170	152	134	110	92	
1044	72	114	22	166	150	134	110	94	
1045	72	114	20	162	148	132	110	94	
1046	72	116	18	156	146	132	110	96	
1047	72	116	16	152	142	130	110	96	
1048	70	116	14	146	138	128	110	96	
1049	70	116	12	140	134	126	108	96	
1050	68	116	12	134	130	124	106	94	
1051	68	116	10	128	126	120	104	94	
1052	66	114	8	120	120	118	102	92	
1053	64	110	8	114	116	114	98	90	
1054	62	108	6	108	110	110	96	88	
1055	60	104	6	100	104	106	92	86	
1056	58	100	6	94	98	100	88	82	
1057	54	96	4	86	92	96	84	80	
1058	52	90	4	80	86	90	78	76	
1059	50	84	4	74	80	84	74	72	
1060	46	80	4	68	74	80	70	68	
1061	42	74	4	62	68	74	66	64	
1062	40	68	4	56	62	68	60	60	
1063	36	64	4	50	56	62	56	56	
1064	32	58	4	44	50	56	50	52	
1065	28	54	4	40	44	48	46	48	
1066	26	48	4	34	38	42	42	44	
1067	22	44	4	30	32	36	36	40	
1068	18	40	4	26	26	30	32	36	
1069	14	36	4	22	22	24	28	32	
1070	12	32	6	18	16	20	24	28	
1071	8	28	6	14	12	14	20	24	
1072	6	26	8	10	8	8	16	20	
1073	4	22	8	8	4	4	12	16	
1074	2	20	10	6	0	0	8	12	
1075	0	16	12	2	-2	-4	6	10	
1076	-2	14	12	0	-6	-6	4	8	
1077	-2	12	14	-2	-8	-10	0	4	
1078	-4	8	14	-2	-10	-12	-2	2	
1079	-6	6	16	-4	-12	-14	-4	0	
1080	-8	4	16	-6	-14	-18	-6	-2	
1081	-10	2	18	-8	-16	-20	-8	-4	
1082	-12	0	18	-8	-18	-22	-10	-6	
1083	-14	-2	18	-10	-20	-24	-12	-8	
1084	-16	-4	18	-10	-22	-26	-14	-10	
1085	-18	-6	18	-12	-22	-26	-16	-12	
1086	-20	-8	20	-12	-24	-28	-18	-12	
1087	-22	-8	20	-12	-26	-30	-20	-14	
1088	-24	-10	20	-12	-26	-32	-22	-16	
1089	-26	-10	20	-12	-28	-32	-22	-18	
1090	-28	-10	22	-12	-28	-34	-24	-20	
1091	-28	-12	22	-14	-30	-34	-26	-20	
1092	-28	-12	22	-14	-30	-36	-26	-22	
1093	-30	-14	22	-14	-30	-36	-28	-22	
1094	-30	-16	22	-14	-30	-38	-30	-24	
1095	-30	-16	22	-14	-30	-38	-30	-24	
1096	-32	-18	22	-14	-30	-38	-30	-26	
1097	-32	-18	22	-14	-30	-40	-32	-26	
1098	-32	-20	22	-14	-30	-40	-32	-26	
1099	-34	-20	22	-12	-30	-40	-32	-28	
1100	-34	-20	22	-12	-30	-40	-30	-28	
1101	-36	-20	22	-12	-30	-40	-30	-28	
1102	-36	-20	24	-12	-28	-40	-30	-28	
1103	-36	-18	24	-12	-28	-40	-28	-28	
1104	-38	-18	24	-10	-28	-38	-28	-28	
1105	-36	-16	24	-10	-26	-38	-26	-28	
1106	-36	-14	26	-8	-24	-36	-26	-28	
1107	-36	-10	26	-8	-24	-36	-24	-26	
1108	-34	-8	26	-6	-22	-34	-24	-26	
1109	-34	-6	28	-4	-20	-34	-22	-26	
1110	-32	-4	28	-4	-18	-32	-22	-26	
1111	-30	-2	28	-2	-16	-30	-20	-26	
1112	-30	-2	30	0	-16	-30	-20	-26	
1113	-28	0	30	0	-14	-28	-20	-26	
1114	-26	0	30	2	-12	-28	-20	-24	
1115	-26	0	30	4	-12	-26	-18	-24	
1116	-26	0	30	4	-10	-26	-18	-24	
1117	-26	0	30	4	-10	-24	-18	-22	
1118	-26	0	30	6	-8	-24	-18	-22	
1119	-26	0	32	6	-8	-24	-18	-22	
1120	-26	-2	32	6	-8	-24	-18	-20	
1121	-28	-2	32	6	-6	-24	-18	-20	
1122	-28	-2	32	8	-6	-24	-18	-20	
1123	-28	-2	32	8	-6	-24	-18	-20	
1124	-28	-2	32	8	-6	-24	-18	-20	
1125	-28	-2	34	8	-4	-24	-18	-20	
1126	-28	-2	34	8	-4	-24	-18	-18	
1127	-28	-2	34	10	-4	-24	-18	-18	
1128	-28	-2	34	10	-4	-24	-18	-18	
1129	-28	-2	34	10	-2	-24	-18	-18	
1130	-28	-2	34	10	-2	-22	-18	-18	
1131	-28	-4	34	10	-2	-22	-16	-18	
1132	-28	-4	34	8	-2	-22	-16	-18	
1133	-30	-6	34	8	-2	-22	-16	-18	
1134	-30	-6	34	8	-4	-22	-16	-18	
1135	-32	-6	32	6	-4	-22	-16	-18	
1136	-32	-8	32	6	-4	-22	-16	-18	
1137	-34	-8	30	4	-4	-22	-16	-18	
1138	-34	-8	28	4	-4	-22	-16	-18	
1139	-34	-8	28	2	-6	-22	-16	-18	
1140	-34	-8	26	2	-6	-24	-16	-18	
1141	-34	-6	26	2	-6	-24	-16	-18	
1142	-32	-6	26	0	-4	-24	-16	-18	
1143	-30	-4	24	0	-4	-24	-16	-16	
1144	-28	-2	24	0	-4	-24	-16	-16	
1145	-26	0	24	0	-4	-22	-16	-16	
1146	-24	2	24	0	-2	-22	-16	-14	
1147	-22	4	24	0	-2	-22	-16	-14	
1148	-22	6	24	0	-2	-22	-16	-12	
1149	-20	6	24	0	-2	-24	-16	-12	
1150	-18	6	24	0	-2	-24	-16	-12	
1151	-18	6	22	-2	-4	-24	-18	-12	
1152	-18	6	22	-2	-4	-26	-18	-12	
1153	-18	4	20	-4	-6	-26	-20	-14	
1154	-20	2	20	-4	-8	-28	-20	-14	
1155	-20	0	18	-6	-10	-30	-22	-16	
1156	-22	-2	16	-8	-10	-30	-24	-16	
1157	-22	-4	16	-8	-12	-32	-24	-18	
1158	-24	-6	14	-8	-12	-32	-26	-18	
1159	-24	-8	14	-10	-14	-32	-26	-18	
1160	-26	-8	14	-10	-14	-32	-26	-18	
1161	-26	-8	14	-10	-14	-32	-26	-18	
1162	-28	-8	14	-10	-14	-32	-26	-18	
1163	-28	-8	14	-12	-14	-32	-26	-18	
1164	-28	-8	14	-12	-14	-32	-26	-16	
1165	-28	-8	14	-12	-14	-32	-24	-16	
1166	-28	-8	14	-12	-14	-32	-24	-16	
1167	-28	-6	14	-12	-14	-32	-24	-16	
1168	-28	-6	14	-12	-16	-32	-24	-16	
1169	-28	-6	14	-12	-16	-32	-26	-16	
1170	-26	-6	14	-14	-16	-34	-26	-16	
1171	-26	-8	14	-14	-18	-34	-26	-18	
1172	-26	-8	14	-14	-18	-36	-28	-18	
1173	-26	-10	14	-16	-20	-38	-28	-20	
1174	-28	-12	12	-16	-20	-38	-30	-20	
1175	-28	-14	12	-16	-22	-40	-30	-22	
1176	-28	-16	12	-18	-22	-42	-30	-22	
1177	-28	-16	10	-18	-24	-42	-32	-24	
1178	-30	-18	10	-18	-24	-42	-32	-24	
1179	-30	-20	8	-18	-24	-44	-32	-24	
1180	-30	-20	8	-20	-24	-44	-32	-24	
1181	-30	-20	8	-20	-24	-44	-32	-24	
1182	-30	-20	8	-20	-24	-44	-30	-24	
1183	-28	-20	8	-20	-24	-44	-30	-24	
1184	-28	-20	8	-18	-24	-42	-30	-24	
1185	-26	-20	8	-18	-24	-42	-28	-22	
1186	-26	-18	8	-18	-24	-42	-28	-22	
1187	-24	-18	8	-18	-24	-42	-28	-22	
1188	-24	-16	8	-18	-24	-42	-28	-22	
1189	-22	-16	8	-18	-24	-42	-28	-22	
1190	-22	-16	8	-18	-24	-42	-28	-22	
1191	-22	-16	8	-18	-24	-44	-28	-24	
1192	-20	-14	8	-18	-24	-44	-28	-24	
1193	-20	-14	8	-18	-26	-44	-30	-24	
1194	-20	-14	8	-18	-26	-44	-30	-24	
1195	-20	-14	6	-18	-26	-44	-30	-24	
1196	-20	-14	6	-18	-26	-44	-32	-26	
1197	-18	-14	6	-18	-26	-44	-32	-26	
1198	-18	-14	6	-18	-28	-44	-32	-26	
1199	-18	-14	6	-18	-28	-42	-32	-24	
1200	-18	-14	6	-18	-28	-42	-32	-24	
1201	-16	-14	6	-18	-28	-42	-32	-24	
1202	-16	-14	6	-18	-26	-42	-32	-24	
1203	-16	-14	6	-18	-26	-40	-32	-22	
1204	-16	-14	6	-16	-26	-40	-30	-22	
1205	-16	-14	8	-16	-26	-40	-30	-22	
1206	-16	-14	8	-16	-26	-40	-30	-20	
1207	-16	-16	8	-16	-26	-42	-30	-20	
1208	-18	-16	8	-16	-28	-42	-30	-20	
1209	-18	-18	8	-16	-28	-42	-30	-20	
1210	-20	-20	8	-18	-28	-44	-30	-22	
1211	-20	-20	8	-18	-30	-44	-30	-22	
1212	-22	-22	8	-18	-30	-46	-30	-22	
1213	-24	-24	6	-20	-32	-46	-32	-24	
1214	-24	-26	6	-20	-32	-46	-32	-24	
1215	-26	-28	6	-22	-32	-48	-32	-26	
1216	-26	-28	6	-22	-34	-48	-34	-26	
1217	-26	-30	4	-22	-34	-48	-34	-28	
1218	-26	-30	4	-22	-34	-48	-34	-28	
1219	-26	-30	4	-22	-34	-48	-34	-28	
1220	-26	-30	4	-22	-34	-48	-34	-28	
1221	-24	-30	2	-22	-34	-48	-34	-28	
1222	-24	-28	2	-22	-34	-46	-34	-26	
1223	-22	-28	4	-22	-34	-46	-34	-26	
1224	-20	-26	4	-22	-34	-46	-34	-26	
1225	-20	-24	4	-22	-34	-46	-34	-24	
1226	-18	-22	4	-22	-34	-46	-34	-24	
1227	-16	-20	6	-22	-34	-44	-34	-24	
1228	-14	-18	6	-22	-34	-44	-34	-24	
1229	-14	-16	8	-22	-34	-44	-34	-24	
1230	-12	-16	8	-22	-36	-44	-34	-24	
1231	-12	-14	10	-22	-36	-44	-34	-24	
1232	-10	-14	10	-22	-36	-44	-34	-24	
1233	-10	-14	10	-22	-36	-44	-34	-24	
1234	-12	-16	10	-22	-36	-44	-36	-24	
1235	-12	-18	10	-22	-36	-44	-36	-24	
1236	-14	-20	10	-24	-38	-46	-36	-24	
1237	-16	-22	10	-24	-38	-46	-36	-26	
1238	-18	-24	8	-24	-38	-46	-38	-26	
1239	-22	-26	8	-24	-38	-46	-38	-26	
1240	-24	-28	8	-26	-40	-46	-38	-26	
1241	-26	-30	8	-26	-40	-46	-38	-26	
1242	-28	-30	8	-26	-38	-46	-38	-28	
1243	-28	-30	8	-24	-38	-46	-38	-26	
1244	-28	-30	8	-24	-38	-44	-36	-26	
1245	-26	-26	10	-22	-36	-44	-36	-26	
1246	-24	-24	12	-20	-34	-42	-34	-24	
1247	-22	-20	14	-18	-32	-40	-32	-24	
1248	-18	-16	16	-16	-30	-36	-30	-22	
1249	-16	-12	18	-14	-26	-34	-28	-20	
1250	-12	-6	20	-10	-24	-32	-26	-18	
1251	-8	-2	24	-8	-20	-28	-24	-16	
1252	-4	2	26	-4	-18	-26	-22	-12	
1253	-2	4	28	-2	-14	-22	-18	-10	
1254	0	8	30	2	-12	-20	-16	-8	
1255	2	10	32	4	-8	-16	-14	-6	
1256	4	12	32	6	-6	-14	-12	-4	
1257	6	14	34	6	-4	-12	-10	-2	
1258	6	14	34	8	-2	-8	-8	-2	
1259	8	16	32	8	0	-6	-6	0	
1260	8	18	30	8	2	-4	-6	2	
1261	10	18	28	8	2	-4	-4	4	
1262	12	20	26	8	4	-2	-2	6	
1263	12	22	22	6	4	0	0	8	
1264	14	24	20	6	6	0	2	8	
1265	16	24	16	4	6	2	2	10	
1266	18	26	12	0	4	2	4	12	
1267	20	26	8	-2	4	2	4	12	
1268	20	24	6	-4	2	0	2	14	
1269	22	22	2	-6	0	0	2	14	
1270	22	20	0	-8	-4	-2	0	12	
1271	22	16	-2	-10	-6	-6	-2	12	
1272	20	10	-4	-14	-10	-8	-4	10	
1273	20	6	-4	-16	-16	-12	-8	8	
1274	18	0	-4	-18	-20	-16	-10	4	
1275	18	-6	-4	-18	-26	-20	-14	2	
1276	16	-12	-4	-20	-32	-24	-18	-2	
1277	16	-18	-6	-22	-36	-28	-22	-6	
1278	16	-24	-6	-24	-42	-32	-26	-10	
1279	14	-28	-6	-26	-46	-36	-28	-12	
1280	14	-32	-6	-28	-50	-38	-32	-16	
1281	14	-34	-6	-30	-54	-42	-34	-18	
1282	14	-36	-8	-30	-58	-44	-36	-20	
1283	14	-38	-8	-32	-60	-46	-38	-22	
1284	12	-38	-8	-34	-62	-48	-38	-22	
1285	12	-38	-8	-34	-62	-48	-40	-24	
1286	10	-38	-8	-36	-64	-48	-40	-24	
1287	8	-36	-8	-36	-64	-50	-40	-24	
1288	6	-36	-8	-36	-64	-48	-40	-26	
1289	4	-34	-8	-36	-62	-48	-42	-26	
1290	0	-34	-6	-36	-62	-48	-42	-26	
1291	-2	-34	-4	-36	-60	-48	-42	-26	
1292	-4	-32	-4	-36	-60	-46	-42	-26	
1293	-8	-32	-2	-36	-58	-46	-42	-26	
1294	-10	-32	0	-36	-58	-46	-42	-26	
1295	-12	-32	0	-34	-56	-46	-42	-26	
1296	-14	-32	2	-34	-56	-46	-42	-26	
1297	-14	-34	4	-34	-56	-46	-44	-28	
1298	-16	-34	4	-34	-56	-46	-44	-28	
1299	-16	-34	4	-34	-56	-48	-44	-28	
1300	-18	-34	4	-32	-56	-48	-44	-28	
1301	-18	-34	4	-32	-56	-48	-46	-30	
1302	-18	-36	4	-32	-58	-48	-46	-30	
1303	-20	-36	4	-34	-58	-50	-46	-30	
1304	-20	-36	4	-34	-58	-50	-48	-30	
1305	-20	-36	4	-34	-60	-50	-48	-32	
1306	-22	-38	4	-34	-60	-52	-48	-32	
1307	-22	-38	4	-34	-62	-52	-48	-32	
1308	-22	-38	4	-34	-62	-52	-48	-34	
1309	-24	-38	4	-34	-62	-52	-50	-34	
1310	-24	-38	4	-34	-62	-52	-50	-34	
1311	-24	-38	4	-34	-64	-54	-50	-34	
1312	-24	-38	4	-34	-64	-54	-50	-34	
1313	-24	-38	4	-36	-64	-54	-50	-34	
1314	-24	-38	2	-36	-66	-54	-50	-34	
1315	-24	-38	2	-38	-66	-54	-50	-34	
1316	-24	-38	2	-40	-68	-56	-52	-34	
1317	-24	-40	0	-40	-70	-56	-52	-34	
1318	-26	-40	0	-42	-72	-58	-54	-34	
1319	-26	-42	0	-44	-72	-60	-56	-36	
1320	-28	-44	2	-44	-74	-62	-58	-38	
1321	-30	-46	2	-44	-76	-66	-60	-40	
1322	-32	-50	4	-42	-76	-68	-64	-42	
1323	-34	-52	8	-38	-76	-72	-68	-46	
1324	-34	-56	12	-32	-74	-74	-72	-50	
1325	-36	-58	18	-24	-70	-76	-74	-54	
1326	-34	-60	24	-14	-62	-74	-76	-58	
1327	-32	-60	32	0	-54	-72	-76	-62	
1328	-28	-60	38	16	-40	-66	-72	-64	
1329	-22	-56	46	36	-24	-54	-66	-64	
1330	-10	-48	52	56	-2	-38	-54	-60	
1331	2	-38	56	80	22	-14	-34	-50	
1332	20	-24	60	104	50	16	-8	-36	
1333	42	-4	62	128	82	54	24	-14	
1334	68	20	60	150	118	98	66	16	
1335	96	50	54	170	154	148	114	54	
1336	128	86	48	184	190	204	168	98	
1337	162	124	36	192	224	262	228	148	
1338	194	166	24	192	252	320	288	204	
1339	224	210	8	184	276	376	348	264	
1340	250	252	-10	164	290	426	404	324	
1341	270	292	-28	134	292	464	452	380	
1342	282	328	-48	94	284	492	490	430	
1343	284	356	-66	46	260	502	514	470	
1344	276	376	-82	-12	224	496	522	500	
1345	258	386	-98	-76	176	472	512	514	
1346	230	386	-112	-144	116	430	486	512	
1347	194	374	-122	-212	46	374	442	496	
1348	152	352	-132	-276	-28	304	386	462	
1349	106	320	-138	-336	-102	224	318	416	
1350	58	282	-142	-386	-176	140	244	360	
1351	14	238	-142	-426	-246	56	168	294	
1352	-28	192	-142	-454	-304	-26	90	224	
1353	-64	144	-140	-470	-352	-98	20	156	
1354	-94	100	-136	-472	-386	-160	-44	88	
1355	-114	58	-130	-460	-406	-208	-96	28	
1356	-126	20	-124	-440	-412	-242	-138	-22	
1357	-132	-10	-116	-408	-406	-262	-166	-64	
1358	-130	-34	-106	-370	-386	-268	-182	-96	
1359	-124	-52	-96	-328	-358	-262	-188	-116	
1360	-114	-62	-84	-284	-322	-248	-184	-128	
1361	-102	-70	-72	-238	-284	-226	-176	-130	
1362	-88	-72	-60	-196	-242	-202	-160	-128	
1363	-76	-70	-48	-156	-202	-174	-144	-120	
1364	-64	-68	-34	-122	-166	-148	-126	-110	
1365	-52	-64	-24	-92	-132	-124	-110	-98	
1366	-44	-60	-12	-66	-104	-104	-94	-86	
1367	-38	-56	-2	-46	-82	-86	-82	-76	
1368	-32	-52	6	-30	-62	-74	-72	-66	
1369	-30	-50	14	-18	-50	-64	-64	-60	
1370	-26	-48	20	-10	-40	-56	-60	-54	
1371	-26	-48	24	-4	-34	-52	-58	-52	
1372	-24	-48	28	0	-30	-50	-56	-50	
1373	-24	-48	30	4	-28	-50	-54	-48	
1374	-24	-48	32	4	-26	-50	-54	-48	
1375	-24	-50	32	6	-26	-50	-56	-48	
1376	-24	-52	34	6	-26	-50	-56	-48	
1377	-24	-52	34	8	-26	-50	-56	-50	
1378	-24	-54	34	8	-26	-50	-56	-50	
1379	-24	-54	34	8	-26	-50	-56	-50	
1380	-26	-56	34	10	-26	-50	-56	-50	
1381	-26	-56	34	10	-26	-50	-54	-50	
1382	-28	-56	34	10	-26	-48	-54	-50	
1383	-28	-58	34	10	-24	-48	-54	-50	
1384	-28	-58	34	12	-24	-46	-54	-50	
1385	-30	-58	34	12	-22	-46	-52	-50	
1386	-30	-58	34	14	-22	-44	-52	-50	
1387	-28	-56	34	14	-20	-44	-52	-50	
1388	-28	-56	36	16	-20	-42	-52	-48	
1389	-26	-54	36	16	-18	-42	-50	-48	
1390	-26	-54	38	18	-16	-40	-50	-48	
1391	-24	-52	38	20	-16	-38	-48	-46	
1392	-22	-50	40	20	-14	-38	-48	-46	
1393	-20	-50	40	22	-12	-36	-46	-44	
1394	-18	-48	40	24	-12	-36	-46	-44	
1395	-18	-48	40	26	-10	-34	-46	-42	
1396	-16	-48	40	26	-10	-34	-44	-42	
1397	-16	-50	40	28	-8	-32	-44	-42	
1398	-16	-50	40	28	-8	-32	-44	-40	
1399	-16	-50	40	28	-8	-32	-44	-40	
1400	-18	-52	38	28	-6	-32	-44	-40	
1401	-18	-52	38	28	-6	-32	-44	-40	
1402	-18	-52	38	28	-6	-32	-44	-40	
1403	-18	-52	36	30	-6	-30	-46	-42	
1404	-18	-52	36	30	-4	-30	-46	-42	
1405	-18	-50	34	30	-4	-30	-46	-42	
1406	-16	-50	34	30	-2	-30	-46	-42	
1407	-16	-48	34	30	-2	-28	-44	-42	
1408	-14	-46	34	32	0	-28	-44	-42	
1409	-12	-44	34	32	2	-26	-44	-40	
1410	-10	-42	34	34	2	-26	-42	-40	
1411	-10	-40	36	36	4	-24	-42	-40	
1412	-8	-38	36	38	6	-22	-40	-38	
1413	-6	-36	36	38	8	-22	-40	-38	
1414	-4	-36	38	40	10	-20	-38	-38	
1415	-4	-36	38	42	10	-18	-38	-36	
1416	-4	-36	38	44	12	-18	-36	-36	
1417	-4	-36	40	44	14	-16	-36	-36	
1418	-4	-38	40	46	14	-14	-34	-34	
1419	-4	-38	40	48	16	-14	-34	-34	
1420	-4	-40	40	48	18	-14	-34	-34	
1421	-6	-42	40	50	18	-12	-34	-34	
1422	-6	-42	40	50	20	-12	-32	-34	
1423	-8	-44	40	52	20	-10	-32	-34	
1424	-10	-46	40	52	22	-10	-32	-34	
1425	-10	-46	40	54	24	-10	-32	-34	
1426	-12	-46	40	56	26	-8	-32	-34	
1427	-14	-46	42	58	28	-6	-30	-34	
1428	-14	-46	42	60	32	-4	-30	-34	
1429	-14	-46	42	64	34	-2	-28	-32	
1430	-14	-44	44	66	36	0	-26	-32	
1431	-12	-42	44	70	40	2	-26	-30	
1432	-12	-40	46	74	42	4	-24	-28	
1433	-10	-38	46	78	46	8	-22	-26	
1434	-8	-36	48	82	48	10	-18	-24	
1435	-4	-34	48	84	52	14	-16	-22	
1436	-2	-30	50	88	54	16	-14	-20	
1437	0	-28	50	92	58	20	-12	-18	
1438	2	-24	50	96	60	22	-8	-16	
1439	6	-22	50	98	64	24	-6	-14	
1440	8	-20	50	102	66	28	-4	-12	
1441	10	-16	50	106	70	30	-2	-10	
1442	12	-14	50	108	72	32	2	-10	
1443	12	-12	50	112	76	36	4	-8	
1444	14	-10	50	114	80	38	6	-6	
1445	16	-6	50	118	82	42	10	-4	
1446	16	-4	50	120	86	44	12	-2	
1447	18	-2	50	124	90	48	14	0	
1448	18	0	50	128	94	52	18	2	
1449	18	2	50	130	100	54	20	4	
1450	20	4	50	134	104	58	24	6	
1451	20	6	50	138	108	62	26	8	
1452	20	8	50	142	112	66	30	10	
1453	20	10	50	146	116	68	32	14	
1454	22	12	48	148	120	72	36	16	
1455	22	14	48	152	124	76	38	20	
1456	24	16	46	154	128	80	42	22	
1457	26	20	46	158	132	84	46	26	
1458	28	24	44	160	136	88	50	30	
1459	30	28	44	162	138	94	54	32	
1460	32	32	42	164	142	98	58	36	
1461	36	38	40	166	146	102	62	40	
1462	40	44	40	168	148	106	66	44	
1463	42	50	38	168	152	110	70	48	
1464	46	54	36	170	154	114	74	52	
1465	50	60	36	170	156	118	78	56	
1466	54	66	34	170	160	122	82	60	
1467	56	70	32	172	162	126	86	62	
1468	60	76	32	172	162	128	90	66	
1469	62	80	30	172	164	132	94	70	
1470	64	84	30	170	166	136	98	72	
1471	66	86	28	170	166	138	100	76	
1472	66	90	26	168	166	140	102	78	
1473	68	92	24	168	166	142	106	80	
1474	70	96	24	166	166	144	108	82	
1475	70	98	22	164	166	146	108	84	
1476	72	100	18	160	164	148	110	86	
1477	74	104	16	158	164	148	112	88	
1478	74	106	14	154	162	148	112	90	
1479	76	108	12	150	160	148	114	92	
1480	76	110	10	144	156	148	114	92	
1481	78	112	6	140	154	146	114	94	
1482	78	114	4	134	150	146	114	94	
1483	78	116	2	128	148	144	114	94	
1484	78	116	0	122	144	142	112	94	
1485	76	116	-2	116	138	138	112	94	
1486	74	116	-4	110	134	136	110	94	
1487	74	114	-6	104	130	132	108	92	
1488	70	110	-6	98	124	128	106	90	
1489	68	106	-8	90	118	124	102	88	
1490	64	102	-8	84	112	120	98	86	
1491	62	98	-10	76	106	114	96	84	
1492	58	92	-10	70	100	110	90	80	
1493	54	86	-10	64	94	104	86	78	
1494	50	80	-10	56	88	98	82	74	
1495	46	74	-12	50	82	92	76	70	
1496	42	68	-12	44	76	86	72	66	
1497	40	62	-12	38	70	80	66	64	
1498	36	58	-12	32	64	74	62	60	
1499	32	52	-12	26	58	68	56	56	
1500	30	48	-12	22	52	62	52	52	
1501	28	44	-12	16	46	56	46	46	
1502	24	38	-12	12	40	50	42	42	
1503	22	34	-10	8	36	44	38	38	
1504	20	30	-10	4	30	40	32	34	
1505	18	26	-10	0	24	34	28	30	
1506	16	22	-10	-4	20	30	24	26	
1507	12	18	-10	-8	14	24	20	22	
1508	10	14	-10	-12	10	20	16	18	
1509	6	10	-10	-14	4	16	12	16	
1510	4	6	-10	-18	0	12	8	12	
1511	2	2	-10	-20	-4	8	4	8	
1512	0	0	-10	-22	-8	4	0	4	
1513	-2	-4	-10	-24	-10	0	-2	2	
1514	-4	-6	-8	-26	-14	-2	-4	0	
1515	-6	-8	-8	-26	-16	-6	-6	-4	
1516	-6	-8	-6	-26	-18	-8	-8	-6	
1517	-8	-8	-4	-26	-18	-12	-10	-8	
1518	-8	-8	-4	-26	-20	-14	-10	-8	
1519	-8	-8	-2	-26	-20	-16	-12	-10	
1520	-8	-8	0	-24	-20	-16	-12	-12	
1521	-8	-8	0	-24	-22	-18	-12	-12	
1522	-6	-8	2	-24	-22	-20	-14	-14	
1523	-6	-8	2	-22	-22	-20	-14	-14	
1524	-8	-8	4	-22	-22	-22	-16	-16	
1525	-8	-10	4	-22	-22	-22	-16	-16	
1526	-8	-12	4	-22	-22	-24	-18	-18	
1527	-10	-12	4	-22	-24	-24	-18	-18	
1528	-10	-14	4	-22	-24	-26	-20	-20	
1529	-12	-16	4	-22	-26	-26	-20	-22	
1530	-14	-18	2	-24	-26	-26	-22	-22	
1531	-16	-20	2	-24	-26	-26	-22	-24	
1532	-16	-22	2	-24	-26	-26	-24	-24	
1533	-18	-24	2	-24	-26	-26	-24	-24	
1534	-18	-26	4	-24	-26	-26	-24	-26	
1535	-20	-26	4	-24	-26	-26	-24	-26	
1536	-20	-26	4	-22	-24	-24	-24	-26	
1537	-20	-26	6	-22	-24	-24	-24	-26	
1538	-20	-26	6	-20	-22	-24	-22	-24	
1539	-20	-24	6	-20	-22	-22	-22	-24	
1540	-20	-24	6	-18	-20	-22	-22	-24	
1541	-20	-22	8	-18	-20	-20	-20	-24	
1542	-20	-22	8	-18	-18	-20	-20	-22	
1543	-20	-20	8	-16	-18	-18	-20	-22	
1544	-18	-20	8	-16	-16	-18	-20	-22	
1545	-18	-18	8	-16	-16	-18	-20	-22	
1546	-18	-18	6	-16	-16	-18	-18	-20	
1547	-16	-16	6	-16	-16	-16	-18	-20	
1548	-16	-16	6	-14	-14	-16	-18	-20	
1549	-16	-16	6	-14	-14	-16	-18	-20	
1550	-16	-16	6	-14	-14	-16	-18	-20	
1551	-16	-14	6	-14	-14	-16	-18	-20	
1552	-16	-14	6	-14	-14	-16	-18	-20	
1553	-16	-14	6	-14	-14	-16	-16	-20	
1554	-16	-14	6	-14	-12	-14	-16	-20	
1555	-16	-14	4	-14	-12	-14	-16	-20	
1556	-16	-14	4	-14	-12	-14	-16	-20	
1557	-16	-14	4	-14	-12	-14	-14	-20	
1558	-14	-14	4	-12	-10	-14	-14	-20	
1559	-14	-12	4	-12	-10	-12	-12	-20	
1560	-14	-12	4	-12	-8	-12	-12	-18	
1561	-14	-10	4	-12	-8	-12	-12	-18	
1562	-12	-10	4	-12	-8	-12	-12	-18	
1563	-12	-8	4	-10	-8	-12	-10	-16	
1564	-10	-6	4	-10	-6	-12	-10	-16	
1565	-8	-6	4	-10	-6	-12	-10	-16	
1566	-8	-4	4	-10	-6	-12	-10	-16	
1567	-8	-4	4	-10	-6	-12	-10	-16	
1568	-6	-4	4	-10	-6	-12	-10	-16	
1569	-6	-4	4	-10	-6	-12	-10	-14	
1570	-6	-4	4	-10	-6	-12	-12	-14	
1571	-6	-4	4	-10	-6	-12	-12	-14	
1572	-6	-6	4	-10	-8	-12	-12	-16	
1573	-6	-6	4	-10	-8	-12	-12	-16	
1574	-8	-8	4	-12	-8	-12	-14	-16	
1575	-8	-8	2	-12	-10	-12	-14	-16	
1576	-8	-10	2	-12	-10	-14	-14	-16	
1577	-8	-10	2	-12	-10	-14	-14	-16	
1578	-8	-10	2	-14	-12	-14	-14	-16	
1579	-8	-10	2	-14	-12	-14	-14	-14	
1580	-8	-10	0	-14	-14	-16	-14	-14	
1581	-6	-8	0	-16	-14	-16	-14	-14	
1582	-6	-8	0	-16	-16	-16	-14	-14	
1583	-6	-8	-2	-16	-16	-18	-14	-14	
1584	-6	-8	-2	-18	-16	-18	-14	-14	
1585	-8	-6	-4	-18	-18	-18	-14	-14	
1586	-8	-6	-4	-20	-18	-20	-16	-14	
1587	-8	-6	-4	-20	-18	-20	-16	-14	
1588	-8	-8	-4	-20	-20	-22	-16	-16	
1589	-8	-8	-4	-22	-20	-22	-16	-16	
1590	-8	-8	-4	-22	-20	-24	-18	-16	
1591	-10	-8	-4	-22	-22	-24	-18	-16	
1592	-10	-8	-4	-24	-22	-24	-18	-18	
1593	-8	-8	-4	-24	-22	-26	-20	-18	
1594	-10	-8	-4	-24	-24	-26	-20	-18	
1595	-10	-10	-4	-26	-24	-26	-20	-18	
1596	-10	-10	-4	-26	-26	-26	-22	-20	
1597	-10	-12	-4	-28	-26	-28	-22	-20	
1598	-12	-14	-4	-28	-28	-28	-22	-22	
1599	-12	-16	-4	-30	-28	-28	-22	-22	
1600	-14	-18	-6	-30	-30	-30	-24	-22	
1601	-16	-20	-6	-32	-30	-30	-24	-24	
1602	-16	-22	-6	-32	-32	-30	-24	-24	
1603	-16	-22	-6	-32	-32	-30	-24	-24	
1604	-16	-24	-8	-32	-32	-32	-24	-24	
1605	-16	-24	-8	-32	-34	-32	-24	-24	
1606	-16	-24	-8	-32	-34	-32	-24	-24	
1607	-14	-24	-8	-32	-34	-32	-24	-24	
1608	-12	-24	-8	-32	-34	-32	-24	-24	
1609	-10	-22	-6	-32	-34	-30	-24	-24	
1610	-8	-22	-6	-32	-34	-30	-24	-24	
1611	-6	-22	-6	-32	-32	-30	-24	-22	
1612	-4	-20	-6	-32	-32	-32	-24	-22	
1613	-4	-20	-6	-32	-34	-32	-24	-22	
1614	-4	-20	-6	-34	-34	-32	-24	-22	
1615	-4	-20	-8	-34	-34	-32	-24	-22	
1616	-4	-20	-8	-34	-34	-34	-24	-24	
1617	-6	-20	-8	-36	-34	-34	-24	-24	
1618	-6	-22	-8	-36	-34	-34	-24	-24	
1619	-8	-22	-8	-36	-36	-34	-24	-24	
1620	-8	-22	-8	-38	-36	-34	-24	-26	
1621	-10	-22	-8	-38	-36	-34	-24	-26	
1622	-10	-22	-8	-38	-36	-34	-24	-26	
1623	-10	-22	-8	-38	-36	-34	-24	-26	
1624	-10	-22	-8	-36	-36	-34	-24	-26	
1625	-10	-22	-8	-36	-36	-34	-24	-24	
1626	-10	-22	-8	-36	-36	-34	-24	-24	
1627	-10	-22	-6	-36	-38	-34	-24	-24	
1628	-10	-24	-6	-34	-38	-34	-24	-24	
1629	-10	-24	-6	-34	-38	-34	-24	-24	
1630	-10	-24	-6	-34	-38	-34	-24	-24	
1631	-12	-24	-6	-34	-38	-34	-24	-24	
1632	-12	-26	-6	-34	-38	-34	-26	-24	
1633	-12	-26	-6	-34	-38	-36	-26	-24	
1634	-12	-26	-6	-34	-38	-36	-26	-24	
1635	-12	-26	-6	-34	-38	-36	-26	-26	
1636	-12	-26	-6	-34	-40	-36	-28	-26	
1637	-12	-24	-4	-34	-40	-38	-28	-28	
1638	-12	-24	-4	-34	-40	-38	-28	-28	
1639	-12	-24	-4	-34	-40	-38	-28	-28	
1640	-12	-24	-4	-34	-40	-38	-28	-30	
1641	-12	-22	-4	-34	-40	-38	-28	-30	
1642	-12	-22	-4	-34	-40	-40	-30	-30	
1643	-12	-22	-6	-34	-40	-40	-30	-32	
1644	-12	-22	-6	-34	-40	-40	-30	-32	
1645	-12	-24	-6	-34	-40	-42	-32	-32	
1646	-12	-24	-8	-36	-42	-42	-32	-34	
1647	-14	-26	-8	-36	-42	-42	-32	-34	
1648	-14	-28	-10	-38	-42	-44	-34	-34	
1649	-16	-28	-10	-38	-44	-44	-34	-36	
1650	-18	-30	-12	-38	-44	-44	-36	-36	
1651	-18	-32	-12	-40	-44	-46	-36	-36	
1652	-20	-34	-14	-40	-46	-46	-36	-38	
1653	-20	-34	-14	-40	-46	-46	-36	-38	
1654	-22	-36	-14	-40	-46	-46	-36	-38	
1655	-22	-36	-14	-42	-46	-46	-36	-38	
1656	-22	-36	-14	-42	-46	-46	-34	-38	
1657	-20	-36	-12	-42	-44	-46	-34	-38	
1658	-20	-34	-12	-42	-44	-44	-34	-38	
1659	-20	-34	-12	-40	-44	-44	-32	-38	
1660	-18	-32	-10	-40	-44	-44	-32	-36	
1661	-18	-30	-10	-40	-44	-44	-30	-36	
1662	-18	-30	-10	-40	-42	-44	-30	-36	
1663	-16	-28	-10	-40	-42	-42	-30	-36	
1664	-16	-28	-10	-40	-42	-42	-30	-34	
1665	-16	-28	-10	-40	-44	-42	-30	-34	
1666	-16	-28	-10	-40	-44	-42	-30	-34	
1667	-16	-28	-10	-42	-44	-42	-30	-34	
1668	-16	-28	-10	-42	-44	-44	-30	-36	
1669	-16	-28	-12	-42	-46	-44	-30	-36	
1670	-16	-28	-12	-42	-46	-44	-32	-36	
1671	-16	-28	-12	-42	-46	-44	-32	-36	
1672	-14	-26	-12	-42	-46	-44	-32	-36	
1673	-14	-26	-12	-42	-46	-44	-32	-36	
1674	-12	-26	-10	-40	-46	-44	-32	-36	
1675	-12	-26	-10	-40	-46	-42	-32	-34	
1676	-10	-24	-10	-40	-46	-42	-32	-34	
1677	-10	-24	-10	-40	-46	-42	-32	-34	
1678	-10	-24	-10	-40	-46	-42	-32	-34	
1679	-8	-24	-10	-40	-46	-42	-32	-34	
1680	-8	-24	-8	-40	-46	-40	-32	-34	
1681	-10	-24	-8	-40	-46	-40	-32	-32	
1682	-10	-24	-10	-40	-46	-40	-32	-32	
1683	-10	-24	-10	-40	-46	-40	-32	-32	
1684	-10	-24	-10	-40	-46	-40	-32	-32	
1685	-10	-24	-10	-40	-44	-40	-32	-32	
1686	-10	-22	-10	-40	-44	-38	-30	-32	
1687	-8	-22	-10	-38	-42	-38	-30	-32	
1688	-8	-20	-8	-36	-40	-36	-28	-30	
1689	-6	-16	-8	-36	-38	-36	-26	-30	
1690	-4	-14	-6	-34	-34	-34	-24	-28	
1691	-2	-10	-6	-30	-32	-32	-22	-26	
1692	0	-6	-4	-28	-28	-30	-20	-24	
1693	2	-4	-2	-26	-24	-28	-18	-24	
1694	4	0	2	-22	-20	-26	-16	-22	
1695	6	4	4	-20	-18	-24	-14	-20	
1696	8	6	6	-16	-14	-20	-12	-18	
1697	10	8	8	-14	-12	-18	-10	-16	
1698	10	10	8	-12	-8	-16	-10	-14	
1699	12	12	8	-10	-6	-14	-8	-12	
1700	12	12	8	-8	-4	-12	-6	-10	
1701	14	14	8	-8	-4	-10	-4	-8	
1702	14	14	6	-8	-2	-8	-4	-6	
1703	16	14	4	-8	0	-6	-2	-4	
1704	16	14	2	-8	0	-4	0	-2	
1705	18	14	-2	-10	0	-2	2	-2	
1706	20	14	-6	-12	0	-2	2	0	
1707	20	14	-10	-12	0	0	4	2	
1708	22	12	-14	-16	-2	0	4	4	
1709	24	12	-18	-18	-4	0	4	4	
1710	24	10	-20	-20	-6	-2	4	4	
1711	26	8	-24	-22	-8	-4	2	4	
1712	26	6	-26	-24	-12	-6	0	2	
1713	26	2	-28	-26	-16	-10	-4	0	
1714	24	-2	-28	-28	-22	-14	-6	-2	
1715	24	-6	-28	-30	-26	-18	-10	-4	
1716	22	-12	-30	-32	-30	-22	-14	-8	
1717	20	-18	-30	-34	-36	-26	-18	-12	
1718	20	-24	-28	-34	-40	-30	-22	-16	
1719	18	-30	-28	-36	-46	-34	-26	-20	
1720	16	-36	-28	-38	-50	-38	-30	-24	
1721	14	-40	-28	-40	-52	-42	-32	-28	
1722	12	-44	-28	-40	-56	-44	-34	-30	
1723	12	-46	-28	-42	-58	-46	-36	-32	
1724	10	-48	-28	-42	-60	-48	-38	-34	
1725	10	-50	-28	-44	-60	-48	-38	-34	
1726	10	-50	-28	-44	-60	-48	-38	-36	
1727	10	-48	-28	-46	-60	-48	-38	-34	
1728	8	-46	-26	-46	-58	-46	-38	-34	
1729	8	-44	-26	-46	-58	-46	-36	-34	
1730	6	-40	-24	-46	-56	-44	-36	-32	
1731	6	-38	-24	-46	-54	-44	-34	-32	
1732	4	-36	-22	-46	-54	-42	-34	-30	
1733	2	-34	-20	-46	-52	-42	-34	-30	
1734	-2	-34	-20	-44	-50	-42	-34	-30	
1735	-4	-34	-18	-44	-50	-42	-34	-30	
1736	-6	-34	-18	-44	-50	-42	-34	-30	
1737	-10	-34	-16	-44	-50	-44	-34	-30	
1738	-12	-36	-16	-44	-50	-44	-36	-30	
1739	-14	-38	-16	-44	-50	-46	-36	-32	
1740	-16	-38	-16	-44	-52	-48	-38	-32	
1741	-18	-40	-16	-44	-52	-50	-38	-34	
1742	-18	-42	-16	-46	-54	-50	-40	-36	
1743	-20	-44	-18	-46	-54	-52	-40	-36	
1744	-20	-44	-18	-46	-54	-52	-42	-38	
1745	-20	-44	-18	-46	-56	-54	-42	-38	
1746	-20	-46	-18	-46	-56	-54	-42	-38	
1747	-20	-46	-18	-46	-56	-54	-42	-40	
1748	-20	-46	-18	-46	-56	-54	-42	-40	
1749	-22	-46	-18	-46	-56	-54	-42	-40	
1750	-22	-46	-18	-46	-56	-54	-42	-40	
1751	-22	-46	-16	-46	-56	-54	-42	-40	
1752	-22	-46	-16	-46	-56	-54	-42	-40	
1753	-24	-46	-16	-46	-56	-54	-42	-40	
1754	-24	-46	-16	-46	-54	-54	-40	-40	
1755	-24	-46	-16	-46	-54	-54	-40	-38	
1756	-24	-46	-16	-48	-54	-54	-40	-38	
1757	-26	-46	-16	-48	-56	-56	-40	-38	
1758	-26	-46	-16	-48	-56	-56	-40	-38	
1759	-26	-48	-16	-48	-56	-58	-42	-40	
1760	-26	-48	-14	-48	-58	-60	-42	-40	
1761	-28	-50	-14	-48	-58	-62	-44	-42	
1762	-30	-52	-12	-48	-60	-64	-48	-44	
1763	-32	-56	-10	-46	-60	-68	-52	-46	
1764	-34	-58	-8	-42	-60	-72	-56	-50	
1765	-36	-62	-4	-36	-58	-74	-60	-54	
1766	-38	-64	0	-30	-54	-76	-64	-58	
1767	-38	-68	6	-20	-48	-76	-68	-64	
1768	-38	-70	12	-6	-40	-74	-68	-68	
1769	-38	-70	20	10	-28	-68	-68	-70	
1770	-32	-68	26	28	-14	-60	-62	-70	
1771	-24	-62	34	52	6	-44	-52	-68	
1772	-12	-54	40	76	30	-24	-36	-60	
1773	4	-40	44	102	58	4	-14	-48	
1774	26	-22	48	130	90	40	16	-28	
1775	54	2	48	156	124	82	54	-4	
1776	84	32	46	178	160	130	98	30	
1777	118	66	40	198	196	182	148	72	
1778	154	106	32	210	230	240	204	118	
1779	190	148	20	212	258	296	262	172	
1780	224	192	4	204	282	350	322	228	
1781	254	236	-14	184	294	400	376	286	
1782	278	280	-36	152	298	440	426	340	
1783	294	318	-58	108	288	470	464	392	
1784	300	350	-80	52	264	484	492	434	
1785	294	374	-102	-16	228	482	504	466	
1786	278	390	-122	-90	178	462	500	486	
1787	252	394	-140	-168	120	426	480	490	
1788	218	388	-156	-246	50	374	444	478	
1789	176	370	-170	-322	-22	310	394	452	
1790	128	342	-178	-390	-96	236	332	412	
1791	80	308	-186	-448	-170	156	262	362	
1792	32	264	-188	-494	-236	74	190	302	
1793	-12	218	-188	-524	-294	-4	116	236	
1794	-52	170	-186	-540	-340	-76	46	170	
1795	-84	122	-180	-540	-372	-136	-18	104	
1796	-108	78	-172	-526	-390	-186	-70	44	
1797	-124	38	-162	-500	-394	-222	-112	-8	
1798	-134	4	-150	-462	-386	-242	-144	-52	
1799	-136	-24	-138	-418	-366	-252	-162	-86	
1800	-132	-46	-124	-368	-336	-248	-170	-108	
1801	-122	-60	-110	-316	-300	-236	-170	-122	
1802	-112	-68	-94	-264	-260	-216	-162	-128	
1803	-100	-72	-78	-216	-220	-192	-148	-126	
1804	-86	-74	-64	-170	-180	-168	-134	-120	
1805	-74	-70	-48	-130	-144	-142	-116	-110	
1806	-64	-66	-36	-96	-112	-118	-100	-100	
1807	-54	-62	-24	-68	-84	-98	-86	-88	
1808	-48	-58	-12	-46	-60	-82	-72	-78	
1809	-42	-54	-4	-28	-44	-68	-62	-70	
1810	-40	-50	4	-14	-30	-60	-56	-62	
1811	-38	-48	10	-4	-20	-52	-50	-58	
1812	-36	-46	14	2	-14	-48	-48	-54	
1813	-36	-46	18	6	-12	-46	-46	-52	
1814	-34	-46	20	8	-8	-46	-46	-50	
1815	-34	-46	20	10	-8	-44	-46	-50	
1816	-34	-46	22	12	-8	-44	-46	-50	
1817	-34	-46	22	12	-8	-44	-46	-50	
1818	-34	-48	22	12	-6	-44	-46	-50	
1819	-32	-48	22	14	-6	-44	-46	-50	
1820	-32	-48	22	14	-6	-42	-44	-50	
1821	-30	-46	22	16	-6	-42	-44	-48	
1822	-30	-46	22	16	-4	-42	-44	-48	
1823	-30	-46	24	18	-4	-40	-44	-48	
1824	-28	-46	24	18	-4	-40	-42	-46	
1825	-28	-46	24	20	-2	-40	-42	-46	
1826	-28	-46	24	20	-2	-38	-42	-46	
1827	-28	-46	24	22	-2	-38	-42	-44	
1828	-30	-46	24	22	-2	-38	-42	-44	
1829	-30	-46	24	24	-2	-38	-42	-44	
1830	-30	-48	24	24	-2	-38	-42	-44	
1831	-32	-48	24	26	0	-38	-42	-44	
1832	-32	-48	26	26	0	-38	-42	-44	
1833	-32	-48	26	26	0	-38	-42	-44	
1834	-32	-50	26	28	0	-38	-42	-44	
1835	-34	-50	26	28	2	-38	-42	-44	
1836	-34	-50	26	30	2	-38	-42	-44	
1837	-34	-50	26	30	2	-38	-40	-44	
1838	-34	-50	26	30	4	-36	-40	-44	
1839	-34	-50	26	32	6	-36	-40	-44	
1840	-32	-50	26	32	6	-36	-40	-44	
1841	-32	-50	26	34	8	-34	-38	-44	
1842	-32	-50	26	34	8	-34	-38	-44	
1843	-32	-50	26	36	10	-32	-38	-44	
1844	-32	-48	26	36	12	-32	-38	-44	
1845	-32	-48	24	36	12	-30	-36	-42	
1846	-30	-48	24	38	14	-30	-36	-42	
1847	-30	-48	24	38	14	-28	-36	-42	
1848	-30	-48	24	40	16	-28	-36	-42	
1849	-30	-48	24	42	16	-28	-34	-42	
1850	-28	-46	24	42	18	-26	-34	-42	
1851	-28	-46	24	44	20	-26	-34	-42	
1852	-26	-44	24	46	20	-26	-34	-42	
1853	-26	-44	24	48	22	-26	-32	-42	
1854	-24	-42	24	48	22	-24	-32	-42	
1855	-22	-40	26	50	24	-24	-32	-40	
1856	-20	-38	26	52	26	-22	-30	-40	
1857	-20	-36	28	54	28	-22	-30	-40	
1858	-18	-34	28	56	28	-20	-28	-40	
1859	-16	-32	30	58	30	-18	-28	-38	
1860	-14	-30	30	60	32	-16	-28	-38	
1861	-12	-30	32	62	34	-16	-26	-38	
1862	-12	-28	32	64	36	-14	-26	-36	
1863	-10	-28	32	66	36	-12	-24	-36	
1864	-10	-26	32	66	38	-10	-24	-36	
1865	-10	-28	32	68	40	-8	-24	-34	
1866	-10	-28	32	70	40	-8	-22	-34	
1867	-12	-28	32	72	42	-6	-22	-34	
1868	-12	-30	32	72	44	-4	-20	-34	
1869	-14	-30	30	74	44	-4	-20	-32	
1870	-14	-30	30	76	46	-2	-20	-32	
1871	-16	-30	30	78	48	-2	-18	-32	
1872	-16	-30	30	80	50	0	-18	-32	
1873	-16	-30	30	82	52	2	-16	-32	
1874	-16	-30	30	86	54	2	-14	-32	
1875	-16	-28	30	88	56	4	-14	-32	
1876	-14	-28	30	92	60	6	-12	-30	
1877	-14	-26	30	96	62	8	-10	-30	
1878	-12	-24	32	98	64	10	-8	-30	
1879	-10	-22	32	102	68	14	-6	-28	
1880	-10	-20	32	106	70	16	-6	-26	
1881	-8	-18	32	110	74	18	-4	-24	
1882	-6	-16	34	114	78	20	-2	-24	
1883	-4	-16	34	118	80	24	0	-22	
1884	-2	-14	34	122	84	26	4	-20	
1885	0	-10	34	126	88	30	6	-16	
1886	0	-8	36	130	90	32	8	-14	
1887	2	-6	36	134	94	36	10	-12	
1888	6	-2	36	138	98	40	14	-10	
1889	8	0	36	142	102	42	16	-6	
1890	10	4	38	148	106	46	20	-4	
1891	12	8	38	152	112	50	24	-2	
1892	16	12	38	156	116	54	26	2	
1893	18	16	38	160	120	60	30	4	
1894	20	20	40	164	124	64	34	8	
1895	22	22	40	168	128	68	38	10	
1896	24	26	38	174	132	74	42	14	
1897	24	30	38	178	136	78	46	16	
1898	26	32	38	180	140	82	50	20	
1899	26	36	38	184	144	88	54	24	
1900	28	38	36	188	148	92	58	26	
1901	30	42	36	192	152	96	62	30	
1902	32	46	34	194	156	100	64	34	
1903	34	50	34	196	160	106	68	38	
1904	38	54	32	198	164	110	72	40	
1905	42	60	32	200	168	114	76	44	
1906	46	66	30	202	170	118	80	48	
1907	50	70	30	204	174	122	84	52	
1908	54	76	28	204	176	124	88	56	
1909	58	80	28	204	178	128	92	60	
1910	62	84	26	204	178	130	94	64	
1911	66	88	24	204	180	132	98	68	
1912	68	92	22	202	180	134	100	70	
1913	70	96	20	200	180	136	104	74	
1914	72	98	18	198	178	138	106	76	
1915	72	100	16	194	178	140	108	78	
1916	74	100	12	192	176	140	110	82	
1917	74	102	10	188	176	140	110	84	
1918	74	102	8	184	174	142	112	86	
1919	74	104	6	180	172	142	114	86	
1920	74	104	4	174	170	142	114	88	
1921	74	106	2	170	168	142	116	90	
1922	74	106	0	166	166	140	116	90	
1923	74	106	-2	160	164	140	116	92	
1924	74	108	-4	156	160	138	116	92	
1925	74	108	-6	150	158	136	116	94	
1926	74	108	-6	144	154	134	116	94	
1927	72	108	-8	136	150	132	114	92	
1928	70	106	-10	130	144	128	112	92	
1929	68	106	-12	122	140	124	110	90	
1930	66	102	-14	116	134	120	106	88	
1931	64	100	-16	108	128	116	104	86	
1932	60	96	-18	100	120	110	100	82	
1933	56	92	-18	92	114	104	94	80	
1934	52	86	-20	84	108	100	90	76	
1935	50	82	-22	76	100	94	84	72	
1936	46	76	-24	68	94	88	80	68	
1937	42	70	-24	60	88	82	74	64	
1938	38	64	-26	54	82	76	70	58	
1939	36	60	-26	48	76	70	64	54	
1940	34	54	-26	42	70	66	60	50	
1941	30	50	-26	36	64	60	54	46	
1942	28	44	-26	30	60	56	50	42	
1943	26	40	-26	26	54	50	46	40	
1944	24	36	-24	22	50	46	42	36	
1945	22	32	-24	16	46	42	38	32	
1946	20	28	-24	12	42	38	34	28	
1947	18	26	-24	8	38	34	30	26	
1948	16	22	-22	6	34	30	28	22	
1949	14	20	-22	2	28	26	24	20	
1950	12	16	-22	-2	24	22	20	16	
1951	10	14	-22	-6	22	18	16	14	
1952	8	10	-22	-8	18	14	14	10	
1953	4	8	-20	-10	14	10	10	8	
1954	2	6	-20	-14	12	8	8	6	
1955	0	2	-20	-16	8	4	6	4	
1956	-2	0	-20	-18	6	2	4	0	
1957	-4	-2	-20	-18	4	0	2	-2	
1958	-6	-4	-20	-20	2	-4	0	-4	
1959	-6	-4	-18	-20	0	-6	-2	-4	
1960	-8	-6	-18	-22	0	-8	-4	-6	
1961	-8	-8	-18	-22	-2	-8	-4	-8	
1962	-10	-8	-16	-22	-2	-10	-6	-8	
1963	-12	-10	-16	-22	-4	-12	-6	-10	
1964	-12	-12	-16	-20	-4	-14	-8	-10	
1965	-14	-14	-16	-20	-4	-14	-10	-12	
1966	-14	-16	-14	-20	-6	-16	-10	-12	
1967	-16	-18	-14	-20	-6	-18	-12	-14	
1968	-18	-20	-14	-20	-8	-18	-12	-14	
1969	-20	-20	-14	-18	-8	-20	-14	-16	
1970	-22	-22	-14	-18	-8	-20	-14	-16	
1971	-24	-24	-14	-18	-10	-20	-16	-18	
1972	-24	-26	-14	-18	-10	-20	-16	-18	
1973	-26	-26	-14	-18	-10	-22	-18	-20	
1974	-26	-26	-14	-18	-10	-22	-18	-20	
1975	-26	-26	-12	-16	-10	-20	-18	-20	
1976	-26	-26	-12	-16	-10	-20	-18	-20	
1977	-26	-24	-12	-16	-10	-20	-18	-20	
1978	-26	-24	-12	-16	-10	-20	-18	-20	
1979	-24	-22	-12	-14	-8	-18	-18	-20	
1980	-24	-20	-10	-14	-8	-18	-16	-20	
1981	-22	-20	-10	-14	-8	-18	-16	-20	
1982	-22	-18	-10	-14	-6	-16	-16	-20	
1983	-20	-18	-10	-12	-6	-16	-16	-20	
1984	-20	-16	-8	-12	-6	-16	-16	-20	
1985	-20	-16	-8	-12	-4	-16	-14	-20	
1986	-20	-16	-8	-12	-4	-16	-14	-20	
1987	-20	-16	-8	-12	-4	-16	-14	-20	
1988	-20	-16	-10	-12	-4	-16	-14	-20	
1989	-20	-16	-10	-10	-4	-16	-14	-20	
1990	-20	-16	-10	-10	-4	-16	-14	-20	
1991	-20	-16	-10	-10	-2	-16	-16	-22	
1992	-20	-16	-10	-10	-2	-16	-16	-22	
1993	-20	-14	-10	-10	-2	-16	-14	-22	
1994	-20	-14	-12	-10	0	-16	-14	-22	
1995	-20	-14	-12	-8	0	-16	-14	-22	
1996	-20	-14	-12	-8	0	-14	-14	-22	
1997	-20	-14	-12	-8	2	-14	-12	-22	
1998	-20	-14	-12	-8	2	-14	-12	-20	
1999	-20	-12	-12	-8	4	-14	-10	-20	
2000	-20	-12	-12	-8	4	-14	-10	-20	
2001	-20	-12	-12	-8	4	-14	-8	-20	
2002	-22	-14	-14	-6	6	-14	-8	-18	
2003	-22	-14	-14	-8	6	-14	-8	-18	
2004	-22	-14	-14	-8	6	-14	-6	-18	
2005	-22	-14	-14	-8	4	-14	-6	-18	
2006	-22	-14	-14	-8	4	-14	-6	-18	
2007	-22	-12	-14	-8	4	-14	-6	-18	
2008	-22	-12	-16	-8	4	-14	-6	-18	
2009	-22	-12	-16	-8	2	-14	-6	-18	
2010	-20	-12	-16	-8	2	-14	-6	-18	
2011	-20	-10	-16	-10	2	-14	-6	-18	
2012	-18	-10	-16	-10	0	-14	-6	-18	
2013	-18	-10	-16	-10	0	-14	-6	-18	
2014	-16	-10	-16	-10	0	-14	-6	-18	
2015	-16	-10	-16	-10	0	-14	-6	-18	
2016	-16	-12	-16	-12	0	-14	-8	-18	
2017	-16	-12	-18	-12	0	-14	-8	-18	
2018	-16	-14	-18	-12	-2	-16	-8	-18	
2019	-16	-14	-18	-14	-2	-16	-8	-18	
2020	-16	-16	-18	-14	-2	-16	-8	-18	
2021	-16	-16	-18	-16	-4	-16	-10	-18	
2022	-16	-16	-18	-16	-4	-18	-10	-18	
2023	-18	-16	-18	-16	-4	-18	-10	-20	
2024	-18	-18	-20	-18	-6	-18	-10	-20	
2025	-18	-16	-20	-18	-6	-18	-12	-20	
2026	-18	-16	-20	-18	-6	-18	-12	-20	
2027	-16	-16	-20	-20	-8	-18	-12	-20	
2028	-16	-16	-20	-20	-8	-18	-12	-20	
2029	-16	-14	-20	-20	-8	-18	-12	-20	
2030	-14	-14	-20	-20	-8	-18	-10	-18	
2031	-12	-12	-18	-20	-8	-18	-10	-18	
2032	-12	-12	-18	-20	-8	-16	-10	-16	
2033	-10	-12	-18	-20	-10	-18	-10	-16	
2034	-10	-10	-18	-20	-10	-18	-8	-16	
2035	-10	-10	-18	-20	-10	-18	-8	-14	
2036	-8	-10	-18	-20	-10	-18	-8	-14	
2037	-10	-10	-18	-20	-10	-20	-8	-14	
2038	-10	-10	-18	-22	-12	-20	-10	-14	
2039	-10	-12	-20	-22	-12	-22	-10	-14	
2040	-12	-12	-20	-24	-12	-24	-10	-16	
2041	-12	-14	-20	-24	-14	-24	-12	-16	
2042	-14	-14	-22	-26	-14	-26	-12	-16	
2043	-14	-16	-22	-26	-16	-26	-14	-18	
2044	-16	-18	-22	-28	-16	-28	-14	-18	
2045	-18	-18	-22	-28	-18	-28	-16	-20	
2046	-18	-20	-24	-28	-18	-30	-16	-22	
2047	-18	-20	-24	-30	-20	-30	-18	-22	
2048	-20	-20	-24	-30	-20	-30	-18	-22	
2049	-20	-20	-24	-30	-20	-30	-18	-24	
2050	-18	-20	-24	-30	-22	-30	-18	-24	
2051	-18	-20	-26	-30	-22	-30	-18	-24	
2052	-18	-20	-26	-30	-22	-30	-18	-24	
2053	-18	-18	-26	-32	-22	-30	-18	-24	
2054	-16	-18	-26	-32	-22	-30	-18	-24	
2055	-16	-16	-26	-32	-24	-30	-18	-24	
2056	-14	-16	-26	-32	-24	-30	-18	-24	
2057	-14	-14	-26	-32	-24	-30	-18	-24	
2058	-14	-14	-26	-32	-24	-30	-18	-24	
2059	-14	-16	-26	-32	-26	-30	-18	-26	
2060	-14	-16	-26	-34	-26	-30	-20	-26	
2061	-14	-18	-24	-34	-28	-32	-20	-26	
2062	-16	-20	-24	-34	-28	-32	-20	-28	
2063	-18	-22	-24	-36	-28	-34	-22	-28	
2064	-18	-24	-24	-36	-30	-34	-22	-28	
2065	-20	-26	-24	-36	-30	-36	-24	-30	
2066	-22	-28	-24	-38	-32	-36	-24	-30	
2067	-24	-30	-26	-38	-32	-38	-26	-32	
2068	-24	-32	-26	-38	-32	-38	-26	-32	
2069	-26	-32	-26	-38	-32	-38	-28	-32	
2070	-26	-32	-26	-38	-32	-40	-28	-32	
2071	-24	-32	-26	-38	-32	-40	-28	-32	
2072	-24	-32	-26	-38	-32	-38	-28	-32	
2073	-22	-30	-26	-38	-30	-38	-28	-30	
2074	-22	-28	-26	-38	-30	-38	-26	-30	
2075	-20	-28	-26	-36	-28	-38	-26	-30	
2076	-18	-26	-26	-36	-28	-36	-26	-28	
2077	-16	-24	-24	-36	-28	-36	-24	-28	
2078	-14	-22	-24	-36	-28	-36	-24	-28	
2079	-14	-20	-24	-36	-28	-34	-24	-28	
2080	-12	-20	-24	-34	-28	-34	-24	-28	
2081	-12	-18	-24	-34	-28	-34	-24	-28	
2082	-12	-18	-24	-34	-28	-34	-24	-28	
2083	-12	-16	-24	-34	-28	-36	-24	-28	
2084	-12	-16	-24	-36	-30	-36	-24	-28	
2085	-12	-16	-24	-36	-30	-36	-24	-28	
2086	-14	-16	-24	-36	-30	-36	-24	-28	
2087	-14	-16	-24	-36	-32	-36	-24	-28	
2088	-16	-18	-24	-36	-32	-36	-24	-28	
2089	-16	-18	-26	-36	-32	-38	-24	-28	
2090	-18	-20	-26	-36	-34	-38	-24	-28	
2091	-20	-22	-26	-36	-34	-38	-24	-28	
2092	-22	-22	-26	-36	-34	-38	-24	-28	
2093	-24	-24	-28	-36	-34	-38	-24	-28	
2094	-26	-26	-28	-36	-36	-38	-24	-28	
2095	-26	-28	-28	-36	-36	-38	-24	-30	
2096	-28	-28	-26	-36	-36	-38	-24	-30	
2097	-28	-28	-26	-36	-36	-38	-26	-30	
2098	-28	-28	-26	-36	-36	-38	-26	-30	
2099	-28	-28	-26	-36	-34	-38	-26	-30	
2100	-26	-26	-24	-36	-34	-38	-26	-28	
2101	-24	-26	-24	-36	-34	-38	-28	-28	
2102	-22	-24	-24	-34	-34	-38	-28	-28	
2103	-20	-24	-22	-34	-34	-38	-28	-28	
2104	-18	-22	-22	-34	-34	-38	-30	-28	
2105	-16	-22	-22	-34	-34	-38	-30	-26	
2106	-16	-20	-22	-34	-34	-38	-30	-26	
2107	-16	-20	-24	-36	-34	-38	-30	-26	
2108	-16	-20	-24	-36	-34	-38	-32	-26	
2109	-16	-22	-24	-36	-36	-40	-32	-26	
2110	-18	-24	-26	-38	-36	-40	-32	-26	
2111	-20	-26	-26	-38	-36	-40	-32	-26	
2112	-22	-28	-28	-38	-38	-40	-32	-26	
2113	-24	-30	-28	-40	-38	-40	-34	-26	
2114	-26	-32	-30	-40	-40	-40	-34	-26	
2115	-28	-34	-30	-40	-40	-40	-34	-26	
2116	-30	-34	-30	-40	-40	-42	-34	-28	
2117	-30	-36	-30	-40	-40	-40	-34	-28	
2118	-30	-36	-30	-40	-40	-40	-32	-26	
2119	-30	-36	-28	-38	-40	-40	-32	-26	
2120	-28	-34	-28	-38	-40	-40	-32	-26	
2121	-26	-32	-28	-36	-38	-38	-30	-24	
2122	-22	-28	-26	-34	-36	-38	-28	-24	
2123	-20	-24	-24	-32	-34	-36	-26	-22	
2124	-16	-20	-24	-30	-32	-34	-24	-20	
2125	-14	-16	-22	-28	-30	-32	-22	-20	
2126	-10	-10	-20	-26	-28	-30	-20	-18	
2127	-8	-6	-18	-24	-26	-28	-18	-16	
2128	-6	-2	-14	-20	-22	-26	-16	-14	
2129	-4	2	-12	-18	-20	-22	-14	-12	
2130	-2	6	-8	-14	-16	-20	-10	-12	
2131	0	10	-6	-12	-14	-18	-10	-10	
2132	0	12	-4	-10	-12	-16	-8	-8	
2133	2	14	-2	-6	-8	-14	-6	-8	
2134	2	16	0	-4	-6	-12	-4	-6	
2135	4	16	2	-2	-4	-10	-2	-4	
2136	4	18	2	0	0	-10	-2	-4	
2137	6	18	2	2	2	-8	0	-2	
2138	8	20	2	2	4	-6	2	-2	
2139	10	20	0	2	6	-4	2	0	
2140	10	22	-2	2	6	-2	4	2	
2141	12	22	-6	2	8	0	4	4	
2142	14	22	-10	0	8	0	6	4	
2143	16	22	-14	-2	6	0	6	6	
2144	16	22	-18	-4	6	0	6	6	
2145	16	20	-22	-6	4	0	6	6	
2146	16	18	-26	-8	2	-2	4	6	
2147	16	14	-28	-12	-2	-4	2	6	
2148	16	10	-32	-14	-6	-6	2	6	
2149	16	6	-34	-16	-10	-8	-2	4	
2150	14	2	-36	-20	-16	-12	-4	2	
2151	14	-4	-36	-22	-20	-16	-6	0	
2152	14	-8	-36	-24	-26	-18	-10	-2	
2153	14	-14	-36	-26	-30	-22	-12	-6	
2154	14	-18	-36	-28	-34	-26	-14	-8	
2155	14	-22	-36	-30	-38	-28	-16	-10	
2156	14	-26	-36	-32	-42	-32	-20	-12	
2157	14	-30	-36	-34	-44	-34	-22	-14	
2158	14	-32	-36	-36	-48	-36	-22	-16	
2159	14	-34	-36	-38	-50	-38	-24	-18	
2160	14	-36	-36	-38	-50	-38	-26	-20	
2161	14	-38	-36	-40	-52	-40	-26	-20	
2162	12	-38	-36	-42	-52	-40	-28	-22	
2163	10	-40	-36	-42	-54	-40	-28	-22	
2164	8	-40	-36	-44	-54	-40	-30	-22	
2165	6	-40	-36	-44	-52	-40	-30	-24	
2166	4	-38	-34	-46	-52	-40	-30	-24	
2167	0	-38	-34	-46	-52	-40	-30	-24	
2168	-2	-38	-32	-46	-52	-40	-30	-24	
2169	-4	-36	-32	-44	-50	-40	-30	-24	
2170	-6	-34	-30	-44	-50	-40	-30	-26	
2171	-10	-32	-28	-44	-48	-40	-32	-26	
2172	-12	-32	-26	-44	-48	-42	-32	-26	
2173	-14	-30	-26	-44	-48	-42	-32	-26	
2174	-16	-30	-24	-44	-48	-42	-32	-28	
2175	-18	-30	-22	-44	-48	-44	-34	-28	
2176	-22	-30	-22	-44	-48	-46	-34	-28	
2177	-24	-32	-20	-44	-50	-46	-36	-30	
2178	-26	-34	-20	-44	-50	-48	-38	-30	
2179	-28	-36	-20	-46	-52	-50	-38	-32	
2180	-32	-38	-20	-46	-52	-50	-40	-32	
2181	-34	-40	-20	-46	-54	-52	-40	-34	
2182	-34	-44	-20	-48	-56	-52	-42	-34	
2183	-36	-46	-20	-48	-56	-52	-42	-34	
2184	-38	-48	-20	-48	-58	-52	-42	-34	
2185	-38	-50	-20	-48	-58	-52	-42	-34	
2186	-38	-50	-20	-48	-58	-52	-42	-34	
2187	-38	-52	-20	-48	-58	-50	-42	-34	
2188	-38	-52	-20	-48	-58	-50	-42	-34	
2189	-38	-52	-20	-48	-58	-50	-42	-34	
2190	-36	-50	-20	-48	-58	-50	-42	-34	
2191	-36	-50	-20	-48	-60	-50	-42	-34	
2192	-36	-50	-22	-48	-60	-50	-42	-34	
2193	-34	-48	-22	-50	-60	-50	-42	-36	
2194	-34	-48	-22	-50	-60	-52	-42	-36	
2195	-34	-48	-22	-52	-62	-54	-44	-38	
2196	-36	-48	-22	-52	-62	-56	-46	-38	
2197	-36	-50	-20	-52	-64	-58	-48	-40	
2198	-38	-50	-20	-52	-64	-62	-52	-44	
2199	-40	-52	-18	-50	-66	-66	-56	-46	
2200	-42	-54	-16	-48	-64	-68	-60	-50	
2201	-44	-58	-12	-42	-64	-72	-64	-54	
2202	-46	-60	-6	-36	-60	-74	-66	-58	
2203	-48	-64	0	-26	-56	-74	-70	-62	
2204	-48	-66	6	-14	-48	-72	-70	-64	
2205	-44	-66	14	2	-36	-68	-68	-66	
2206	-40	-64	20	22	-22	-58	-62	-66	
2207	-32	-60	28	42	-6	-46	-54	-62	
2208	-18	-52	34	66	16	-26	-38	-54	
2209	0	-40	38	92	42	0	-16	-42	
2210	22	-22	42	120	72	34	12	-24	
2211	50	0	44	146	104	74	48	2	
2212	82	28	42	170	138	120	90	34	
2213	118	60	36	192	172	170	138	72	
2214	156	98	28	206	206	226	192	118	
2215	196	140	18	214	238	282	248	168	
2216	232	182	6	212	264	336	304	222	
2217	264	226	-10	200	282	386	358	278	
2218	290	268	-28	176	290	428	406	332	
2219	308	306	-46	140	288	460	444	382	
2220	316	338	-64	92	274	476	472	424	
2221	314	362	-82	34	248	480	486	458	
2222	300	376	-98	-32	208	464	484	478	
2223	274	382	-114	-106	156	434	468	484	
2224	238	378	-126	-180	96	388	436	476	
2225	194	362	-136	-256	28	328	390	452	
2226	146	338	-146	-326	-42	258	332	416	
2227	94	304	-152	-390	-114	180	268	368	
2228	42	266	-154	-442	-182	102	198	310	
2229	-6	224	-156	-482	-242	24	126	248	
2230	-50	178	-156	-506	-294	-48	60	184	
2231	-86	134	-154	-516	-332	-112	-2	120	
2232	-114	92	-150	-512	-360	-164	-56	60	
2233	-132	54	-144	-494	-372	-202	-98	8	
2234	-144	22	-138	-466	-372	-228	-130	-36	
2235	-146	-6	-128	-428	-360	-242	-152	-70	
2236	-144	-28	-118	-382	-340	-242	-162	-94	
2237	-136	-42	-108	-334	-310	-234	-164	-110	
2238	-124	-54	-96	-284	-276	-218	-158	-118	
2239	-110	-60	-84	-236	-240	-196	-148	-118	
2240	-98	-62	-70	-190	-202	-172	-134	-114	
2241	-84	-62	-58	-150	-166	-148	-118	-106	
2242	-74	-60	-44	-114	-134	-124	-104	-96	
2243	-64	-56	-32	-84	-104	-102	-90	-86	
2244	-58	-54	-22	-58	-80	-86	-78	-76	
2245	-52	-52	-12	-38	-60	-70	-68	-66	
2246	-48	-50	-4	-24	-46	-60	-60	-60	
2247	-46	-48	2	-12	-34	-52	-56	-54	
2248	-46	-48	8	-4	-28	-48	-52	-50	
2249	-46	-48	12	0	-22	-44	-50	-48	
2250	-46	-50	16	4	-20	-44	-50	-46	
2251	-46	-52	18	6	-18	-42	-50	-46	
2252	-46	-52	18	8	-18	-44	-50	-46	
2253	-44	-54	20	8	-18	-44	-52	-46	
2254	-44	-54	20	8	-20	-44	-52	-46	
2255	-44	-54	20	8	-20	-44	-52	-46	
2256	-42	-54	22	10	-20	-44	-52	-46	
2257	-42	-54	22	10	-20	-44	-52	-46	
2258	-40	-52	22	12	-18	-42	-50	-46	
2259	-38	-50	24	12	-18	-42	-50	-46	
2260	-36	-48	24	14	-18	-40	-48	-44	
2261	-34	-44	26	16	-16	-38	-46	-44	
2262	-34	-42	26	16	-14	-38	-44	-42	
2263	-32	-40	28	18	-14	-36	-44	-42	
2264	-30	-36	28	20	-12	-34	-42	-40	
2265	-28	-34	30	22	-10	-34	-40	-40	
2266	-26	-34	30	22	-10	-32	-40	-38	
2267	-26	-32	30	24	-8	-30	-40	-38	
2268	-24	-32	32	26	-6	-30	-38	-38	
2269	-24	-32	32	26	-6	-30	-38	-38	
2270	-24	-34	32	28	-4	-28	-38	-38	
2271	-24	-34	32	28	-4	-28	-38	-38	
2272	-26	-36	32	30	-4	-28	-40	-38	
2273	-26	-38	34	30	-2	-28	-40	-38	
2274	-26	-40	34	32	-2	-26	-40	-38	
2275	-26	-42	34	32	-2	-26	-40	-38	
2276	-26	-42	34	32	-2	-26	-40	-38	
2277	-28	-44	34	34	0	-26	-42	-40	
2278	-28	-46	34	34	0	-26	-42	-40	
2279	-28	-46	34	36	0	-26	-42	-40	
2280	-28	-46	34	36	0	-26	-42	-40	
2281	-28	-46	34	36	2	-26	-40	-40	
2282	-28	-46	32	38	2	-26	-40	-40	
2283	-28	-46	32	38	2	-24	-40	-40	
2284	-28	-46	32	38	4	-24	-40	-40	
2285	-28	-46	30	40	4	-24	-38	-38	
2286	-28	-46	30	40	6	-24	-38	-38	
2287	-28	-46	30	40	6	-24	-38	-38	
2288	-28	-46	28	42	8	-24	-36	-36	
2289	-28	-44	28	42	10	-22	-36	-36	
2290	-28	-44	28	44	12	-22	-34	-34	
2291	-26	-44	30	46	14	-20	-32	-34	
2292	-24	-42	30	48	18	-18	-32	-32	
2293	-24	-40	30	50	20	-16	-30	-30	
2294	-22	-38	32	52	24	-14	-28	-28	
2295	-20	-36	34	56	28	-12	-26	-28	
2296	-16	-34	34	58	30	-10	-26	-26	
2297	-14	-32	36	60	34	-10	-24	-24	
2298	-12	-30	38	62	36	-8	-24	-24	
2299	-12	-28	38	66	38	-6	-22	-22	
2300	-10	-26	40	68	40	-6	-22	-22	
2301	-10	-26	40	70	42	-4	-22	-22	
2302	-8	-24	40	72	44	-4	-22	-22	
2303	-10	-24	42	74	44	-2	-22	-22	
2304	-10	-24	42	76	46	-2	-22	-22	
2305	-10	-24	42	78	48	-2	-20	-22	
2306	-12	-26	42	80	48	0	-20	-22	
2307	-14	-26	42	82	50	0	-20	-22	
2308	-14	-28	40	84	52	2	-18	-22	
2309	-16	-28	40	86	52	4	-18	-22	
2310	-16	-28	40	88	54	6	-16	-20	
2311	-16	-28	40	90	56	8	-14	-20	
2312	-16	-28	40	92	58	10	-12	-18	
2313	-16	-28	40	96	60	12	-10	-16	
2314	-14	-26	40	98	64	14	-8	-14	
2315	-14	-24	40	102	66	18	-6	-14	
2316	-12	-22	42	104	68	20	-4	-12	
2317	-10	-20	42	108	72	24	-2	-10	
2318	-8	-16	42	112	74	26	0	-8	
2319	-6	-14	42	114	78	30	2	-6	
2320	-4	-12	42	118	80	32	4	-4	
2321	-2	-8	42	122	84	36	6	-4	
2322	-2	-6	42	128	88	38	8	-2	
2323	0	-4	42	132	92	42	12	0	
2324	2	-2	42	136	96	44	14	2	
2325	4	0	44	140	100	48	16	4	
2326	6	2	44	144	104	52	18	6	
2327	10	6	44	150	108	54	22	8	
2328	12	8	44	154	112	58	24	10	
2329	14	10	46	158	116	62	28	12	
2330	16	12	46	162	120	66	32	16	
2331	20	16	46	166	124	70	36	18	
2332	22	20	46	170	128	76	40	22	
2333	24	22	46	174	132	80	44	26	
2334	28	28	46	176	136	84	48	28	
2335	30	32	46	180	140	90	52	32	
2336	32	36	44	182	144	96	56	36	
2337	34	40	44	184	148	100	62	40	
2338	36	46	42	186	152	106	66	44	
2339	38	52	42	188	156	110	70	48	
2340	40	56	40	190	160	116	76	52	
2341	42	62	38	192	162	120	80	56	
2342	44	66	38	192	166	124	84	60	
2343	46	72	36	192	168	130	88	64	
2344	48	76	34	192	170	132	92	68	
2345	50	80	32	192	172	136	96	72	
2346	54	86	30	192	174	138	98	76	
2347	56	88	28	192	174	142	102	78	
2348	58	92	26	190	174	144	104	82	
2349	60	96	24	188	176	146	106	84	
2350	64	98	22	188	176	146	108	88	
2351	66	102	20	184	174	148	110	90	
2352	68	104	20	182	174	148	110	92	
2353	70	106	18	180	174	148	112	96	
2354	72	108	16	176	172	148	112	98	
2355	74	110	14	172	170	148	114	100	
2356	74	112	12	168	170	148	114	100	
2357	76	114	12	164	168	148	116	102	
2358	76	114	10	160	164	148	116	104	
2359	76	116	8	154	162	146	116	104	
2360	76	116	6	150	160	144	116	104	
2361	76	116	4	144	156	142	116	104	
2362	74	114	2	138	152	140	114	104	
2363	74	114	0	130	148	138	114	102	
2364	72	112	-2	124	142	136	112	102	
2365	70	110	-4	116	138	132	110	100	
2366	68	108	-6	110	132	128	106	96	
2367	64	104	-8	102	126	124	102	94	
2368	62	100	-10	94	120	118	98	92	
2369	58	96	-12	86	114	114	94	88	
2370	56	90	-14	80	108	108	90	84	
2371	52	86	-16	72	102	102	84	80	
2372	48	80	-16	64	96	96	78	76	
2373	44	74	-16	58	88	90	74	72	
2374	40	68	-18	52	82	84	68	68	
2375	36	62	-18	46	76	80	64	64	
2376	32	56	-18	40	70	74	58	60	
2377	30	52	-16	34	64	68	54	56	
2378	26	46	-16	30	58	64	50	52	
2379	22	42	-14	24	52	58	46	48	
2380	20	38	-14	20	48	54	42	44	
2381	16	34	-12	16	42	50	38	40	
2382	14	30	-12	12	38	46	34	38	
2383	12	28	-10	10	34	42	32	34	
2384	8	24	-10	6	30	38	28	32	
2385	6	22	-10	2	24	34	26	28	
2386	4	18	-8	0	22	30	22	26	
2387	2	16	-8	-2	18	26	20	22	
2388	-2	12	-8	-6	14	22	16	20	
2389	-4	10	-8	-8	12	18	12	18	
2390	-6	6	-8	-10	8	16	10	14	
2391	-8	4	-6	-12	6	12	6	12	
2392	-10	2	-6	-14	4	10	4	8	
2393	-10	-2	-6	-14	2	6	0	6	
2394	-12	-4	-4	-16	0	4	-2	4	
2395	-12	-6	-2	-16	-2	2	-6	0	
2396	-14	-8	-2	-18	-4	0	-8	-2	
2397	-14	-10	0	-18	-4	-2	-10	-4	
2398	-14	-12	2	-18	-6	-4	-14	-6	
2399	-14	-12	4	-18	-6	-6	-16	-8	
2400	-16	-14	4	-20	-8	-8	-18	-10	
2401	-16	-16	6	-20	-8	-10	-20	-12	
2402	-16	-16	8	-20	-10	-12	-22	-14	
2403	-16	-18	8	-20	-10	-14	-22	-14	
2404	-18	-18	8	-20	-12	-14	-24	-16	
2405	-18	-20	8	-20	-12	-16	-24	-16	
2406	-18	-20	10	-20	-12	-16	-26	-16	
2407	-20	-22	10	-20	-14	-16	-26	-16	
2408	-20	-22	10	-20	-14	-18	-26	-16	
2409	-20	-22	10	-20	-14	-18	-26	-16	
2410	-20	-22	8	-20	-14	-18	-26	-16	
2411	-22	-22	8	-20	-14	-18	-24	-16	
2412	-22	-22	8	-20	-12	-18	-24	-16	
2413	-22	-22	8	-20	-12	-16	-24	-16	
2414	-22	-22	8	-20	-12	-16	-24	-16	
2415	-22	-22	8	-18	-10	-16	-22	-16	
2416	-22	-22	8	-18	-10	-16	-22	-16	
2417	-24	-24	8	-16	-8	-14	-22	-16	
2418	-24	-24	8	-16	-8	-14	-22	-16	
2419	-24	-24	10	-16	-8	-14	-22	-16	
2420	-24	-24	10	-14	-6	-14	-22	-16	
2421	-24	-24	10	-14	-6	-14	-22	-16	
2422	-24	-26	10	-14	-6	-14	-22	-16	
2423	-24	-26	10	-12	-6	-14	-22	-16	
2424	-24	-24	10	-12	-6	-14	-22	-16	
2425	-24	-24	10	-12	-6	-14	-22	-16	
2426	-24	-24	10	-12	-6	-14	-22	-16	
2427	-24	-24	10	-10	-4	-14	-22	-16	
2428	-22	-22	10	-10	-4	-14	-22	-16	
2429	-22	-22	10	-10	-4	-14	-22	-16	
2430	-22	-20	10	-10	-4	-12	-22	-16	
2431	-20	-20	8	-8	-4	-12	-20	-16	
2432	-18	-18	8	-8	-2	-12	-20	-16	
2433	-18	-18	10	-8	-2	-10	-20	-16	
2434	-16	-16	10	-6	0	-10	-20	-16	
2435	-14	-16	10	-6	0	-8	-18	-14	
2436	-12	-14	10	-6	2	-6	-18	-14	
2437	-10	-12	12	-4	2	-6	-16	-14	
2438	-8	-12	12	-4	4	-4	-16	-14	
2439	-8	-10	12	-4	4	-4	-16	-12	
2440	-6	-8	14	-4	4	-4	-14	-12	
2441	-4	-8	14	-4	6	-4	-14	-10	
2442	-4	-6	14	-2	6	-4	-14	-10	
2443	-4	-6	14	-4	4	-4	-14	-10	
2444	-4	-6	14	-4	4	-4	-14	-8	
2445	-4	-6	14	-4	4	-4	-14	-8	
2446	-6	-6	14	-4	2	-4	-14	-8	
2447	-8	-8	12	-6	2	-6	-14	-8	
2448	-8	-10	12	-6	0	-6	-14	-8	
2449	-10	-10	10	-6	-2	-8	-16	-8	
2450	-12	-12	10	-8	-4	-8	-16	-8	
2451	-14	-16	8	-10	-6	-8	-16	-10	
2452	-16	-16	8	-10	-6	-10	-18	-10	
2453	-18	-18	6	-12	-8	-10	-18	-10	
2454	-18	-20	6	-12	-8	-10	-18	-10	
2455	-18	-20	6	-12	-10	-10	-18	-10	
2456	-18	-20	4	-14	-10	-10	-18	-10	
2457	-18	-20	4	-14	-10	-8	-16	-8	
2458	-16	-18	4	-14	-10	-8	-16	-8	
2459	-14	-16	4	-14	-10	-8	-16	-8	
2460	-14	-16	4	-16	-10	-8	-16	-8	
2461	-12	-14	4	-16	-12	-8	-16	-8	
2462	-12	-14	4	-16	-12	-8	-16	-8	
2463	-12	-12	4	-18	-12	-10	-16	-8	
2464	-12	-12	2	-18	-14	-10	-16	-8	
2465	-12	-14	2	-20	-14	-12	-18	-8	
2466	-12	-14	2	-20	-16	-14	-18	-10	
2467	-14	-14	2	-22	-16	-16	-20	-10	
2468	-14	-16	2	-22	-18	-16	-22	-12	
2469	-14	-16	2	-24	-20	-18	-22	-12	
2470	-14	-16	2	-24	-20	-20	-22	-14	
2471	-14	-16	4	-24	-20	-20	-24	-14	
2472	-14	-16	4	-24	-22	-20	-24	-14	
2473	-14	-16	6	-24	-22	-22	-24	-14	
2474	-12	-14	6	-24	-22	-20	-24	-14	
2475	-10	-14	8	-24	-20	-20	-24	-14	
2476	-8	-12	10	-22	-20	-20	-22	-14	
2477	-8	-12	10	-22	-20	-20	-22	-12	
2478	-6	-10	12	-22	-20	-18	-22	-12	
2479	-6	-10	12	-22	-18	-18	-22	-12	
2480	-4	-10	14	-22	-18	-16	-22	-12	
2481	-4	-10	14	-22	-18	-16	-22	-12	
2482	-4	-10	14	-22	-18	-16	-22	-12	
2483	-4	-10	14	-24	-20	-16	-22	-12	
2484	-4	-12	12	-24	-20	-16	-22	-12	
2485	-6	-12	12	-24	-20	-16	-22	-12	
2486	-6	-14	12	-26	-20	-18	-22	-12	
2487	-8	-16	10	-26	-22	-18	-22	-12	
2488	-8	-18	10	-28	-22	-20	-22	-12	
2489	-10	-20	8	-28	-24	-20	-24	-12	
2490	-10	-20	8	-28	-24	-22	-24	-14	
2491	-10	-22	6	-30	-26	-24	-24	-14	
2492	-12	-24	6	-30	-28	-26	-26	-14	
2493	-12	-24	6	-30	-28	-26	-26	-16	
2494	-12	-26	4	-30	-30	-28	-28	-16	
2495	-14	-26	4	-30	-32	-30	-30	-18	
2496	-14	-28	4	-30	-32	-32	-30	-18	
2497	-14	-28	2	-30	-34	-32	-32	-20	
2498	-14	-28	2	-30	-36	-34	-32	-20	
2499	-14	-30	2	-30	-36	-34	-34	-22	
2500	-14	-30	2	-30	-38	-34	-34	-22	
2501	-14	-30	2	-30	-38	-34	-36	-24	
2502	-14	-30	2	-30	-38	-34	-36	-24	
2503	-14	-32	2	-30	-38	-34	-36	-24	
2504	-14	-32	2	-30	-38	-32	-34	-24	
2505	-14	-32	4	-30	-38	-32	-34	-24	
2506	-12	-32	4	-30	-38	-30	-34	-24	
2507	-12	-32	4	-30	-38	-28	-32	-22	
2508	-12	-30	6	-30	-36	-28	-30	-22	
2509	-12	-30	6	-30	-36	-26	-30	-20	
2510	-12	-30	6	-30	-36	-24	-28	-20	
2511	-12	-30	6	-30	-36	-24	-28	-18	
2512	-12	-28	8	-30	-36	-24	-26	-18	
2513	-12	-28	8	-32	-36	-24	-26	-16	
2514	-12	-28	8	-32	-38	-24	-26	-16	
2515	-12	-28	8	-32	-38	-24	-26	-16	
2516	-12	-28	8	-32	-38	-24	-26	-14	
2517	-12	-28	8	-32	-38	-24	-26	-16	
2518	-12	-28	8	-32	-38	-26	-28	-16	
2519	-12	-26	10	-30	-38	-26	-28	-16	
2520	-12	-26	10	-30	-38	-26	-28	-16	
2521	-10	-26	12	-30	-38	-26	-30	-18	
2522	-10	-24	12	-30	-38	-28	-30	-18	
2523	-10	-24	12	-30	-38	-28	-32	-20	
2524	-10	-24	14	-28	-38	-28	-32	-20	
2525	-10	-24	14	-28	-38	-28	-34	-22	
2526	-10	-24	14	-28	-38	-28	-34	-22	
2527	-10	-24	14	-30	-38	-30	-34	-22	
2528	-10	-24	14	-30	-38	-30	-36	-22	
2529	-12	-24	14	-30	-38	-30	-36	-24	
2530	-12	-26	12	-30	-38	-30	-36	-24	
2531	-14	-26	12	-30	-38	-30	-36	-24	
2532	-14	-28	12	-32	-38	-30	-36	-22	
2533	-14	-28	10	-32	-38	-30	-34	-22	
2534	-16	-30	10	-32	-40	-30	-34	-22	
2535	-16	-30	10	-32	-40	-30	-34	-22	
2536	-16	-32	8	-32	-40	-30	-34	-20	
2537	-16	-32	8	-32	-40	-30	-32	-20	
2538	-16	-34	8	-32	-42	-30	-32	-20	
2539	-16	-36	8	-32	-42	-30	-32	-20	
2540	-16	-36	8	-32	-44	-30	-32	-20	
2541	-16	-36	8	-32	-44	-30	-32	-20	
2542	-16	-38	8	-32	-46	-32	-32	-20	
2543	-16	-38	8	-32	-46	-32	-32	-20	
2544	-18	-38	6	-34	-46	-32	-32	-20	
2545	-18	-38	8	-34	-46	-34	-32	-20	
2546	-18	-38	8	-34	-48	-34	-34	-20	
2547	-18	-38	8	-34	-46	-34	-34	-20	
2548	-16	-38	8	-32	-46	-34	-34	-20	
2549	-16	-36	8	-32	-46	-34	-34	-20	
2550	-16	-34	10	-32	-46	-34	-34	-20	
2551	-16	-34	10	-32	-44	-34	-34	-20	
2552	-14	-32	12	-32	-44	-34	-34	-20	
2553	-14	-30	14	-30	-42	-32	-34	-20	
2554	-12	-30	14	-30	-42	-32	-32	-20	
2555	-12	-28	16	-28	-40	-32	-32	-20	
2556	-10	-28	16	-28	-40	-30	-32	-20	
2557	-10	-26	18	-26	-38	-30	-30	-18	
2558	-10	-24	20	-26	-36	-28	-30	-18	
2559	-8	-24	20	-24	-36	-26	-28	-18	
2560	-8	-22	22	-22	-34	-24	-26	-16	
2561	-6	-20	24	-22	-32	-24	-26	-16	
2562	-6	-18	26	-20	-30	-22	-24	-14	
2563	-4	-16	26	-18	-28	-20	-22	-12	
2564	-4	-14	28	-16	-26	-18	-20	-12	
2565	-2	-12	30	-14	-24	-14	-18	-10	
2566	0	-8	32	-12	-20	-12	-16	-8	
2567	2	-6	32	-10	-18	-10	-14	-6	
2568	4	-4	32	-8	-16	-8	-12	-4	
2569	6	0	34	-8	-14	-6	-10	-2	
2570	8	2	32	-6	-12	-4	-8	0	
2571	10	4	32	-6	-10	0	-6	0	
2572	12	6	30	-4	-8	2	-4	2	
2573	14	8	28	-4	-6	2	-2	4	
2574	14	10	26	-4	-4	4	0	6	
2575	16	12	24	-6	-2	6	2	8	
2576	18	14	20	-6	-2	8	4	10	
2577	20	16	18	-8	-2	10	6	10	
2578	22	18	14	-8	0	10	6	12	
2579	22	18	12	-10	-2	10	8	14	
2580	24	18	8	-12	-2	10	8	14	
2581	24	18	6	-12	-4	10	8	16	
2582	26	16	4	-14	-6	8	6	16	
2583	26	12	2	-16	-10	4	4	14	
2584	24	8	2	-18	-14	2	2	12	
2585	24	4	0	-20	-18	-2	-2	10	
2586	24	-4	0	-22	-24	-6	-6	8	
2587	22	-10	0	-24	-30	-12	-10	6	
2588	20	-18	0	-26	-34	-18	-14	2	
2589	20	-24	-2	-28	-40	-22	-18	-2	
2590	18	-30	0	-30	-46	-28	-24	-6	
2591	16	-36	0	-30	-50	-32	-26	-10	
2592	16	-40	0	-32	-54	-36	-30	-12	
2593	16	-44	0	-34	-58	-38	-32	-16	
2594	16	-46	0	-36	-60	-40	-34	-18	
2595	16	-46	0	-36	-62	-42	-36	-18	
2596	16	-44	0	-36	-64	-42	-36	-20	
2597	16	-42	0	-38	-64	-44	-36	-20	
2598	16	-40	0	-38	-64	-42	-36	-20	
2599	16	-38	2	-38	-64	-42	-34	-20	
2600	16	-34	2	-38	-62	-42	-34	-20	
2601	14	-32	4	-38	-62	-40	-34	-20	
2602	12	-30	4	-38	-60	-40	-32	-20	
2603	10	-28	6	-38	-60	-40	-32	-20	
2604	6	-28	6	-38	-58	-40	-32	-20	
2605	2	-28	8	-38	-58	-40	-32	-20	
2606	-2	-28	10	-40	-56	-40	-32	-22	
2607	-6	-30	10	-40	-56	-40	-34	-22	
2608	-8	-32	12	-40	-56	-42	-34	-24	
2609	-12	-34	12	-40	-56	-44	-36	-26	
2610	-14	-36	12	-40	-56	-44	-36	-28	
2611	-18	-38	12	-40	-56	-46	-38	-28	
2612	-20	-40	12	-40	-58	-46	-38	-30	
2613	-20	-42	12	-40	-58	-48	-40	-32	
2614	-22	-42	12	-40	-58	-48	-40	-32	
2615	-22	-44	12	-42	-60	-50	-42	-34	
2616	-22	-44	12	-42	-60	-50	-42	-34	
2617	-22	-46	10	-42	-60	-50	-42	-34	
2618	-22	-46	10	-42	-60	-50	-44	-36	
2619	-20	-46	10	-42	-60	-50	-44	-36	
2620	-20	-46	10	-42	-60	-50	-44	-36	
2621	-20	-46	10	-42	-60	-50	-44	-36	
2622	-20	-46	10	-42	-60	-48	-44	-36	
2623	-20	-44	12	-42	-60	-48	-44	-36	
2624	-20	-44	12	-42	-60	-48	-44	-36	
2625	-20	-44	12	-42	-60	-48	-44	-34	
2626	-20	-44	12	-42	-62	-48	-44	-34	
2627	-20	-46	12	-42	-62	-48	-42	-34	
2628	-20	-46	12	-44	-62	-48	-42	-34	
2629	-22	-46	12	-44	-62	-48	-44	-34	
2630	-22	-48	12	-44	-64	-50	-44	-34	
2631	-24	-48	14	-46	-66	-52	-46	-34	
2632	-26	-50	14	-46	-66	-54	-48	-34	
2633	-28	-52	16	-44	-68	-56	-50	-36	
2634	-30	-54	18	-42	-68	-60	-54	-38	
2635	-32	-56	20	-40	-68	-62	-58	-42	
2636	-34	-58	24	-34	-66	-66	-62	-46	
2637	-36	-60	28	-28	-64	-68	-66	-50	
2638	-36	-64	32	-18	-58	-70	-68	-54	
2639	-36	-64	38	-6	-50	-68	-70	-58	
2640	-34	-66	44	8	-40	-64	-70	-62	
2641	-30	-64	50	24	-26	-56	-64	-64	
2642	-22	-60	56	44	-8	-42	-56	-62	
2643	-10	-52	60	66	14	-24	-40	-54	
2644	4	-40	62	88	40	4	-18	-44	
2645	24	-24	64	110	70	38	12	-24	
2646	48	-2	62	132	104	78	50	2	
2647	78	26	58	152	140	126	96	34	
2648	108	60	52	168	174	180	148	76	
2649	142	98	44	180	210	238	206	126	
2650	176	140	32	184	240	298	266	180	
2651	208	184	18	180	266	356	328	238	
2652	238	228	4	166	284	408	386	300	
2653	260	272	-12	144	292	452	438	358	
2654	276	310	-28	110	290	486	480	412	
2655	284	344	-46	66	272	504	510	458	
2656	280	370	-60	14	242	504	524	492	
2657	266	384	-76	-46	200	488	522	512	
2658	242	390	-88	-110	146	454	504	518	
2659	212	384	-98	-176	82	404	468	508	
2660	172	368	-106	-240	10	340	416	480	
2661	128	342	-114	-300	-64	264	352	440	
2662	84	308	-118	-354	-138	182	282	386	
2663	38	268	-120	-398	-208	98	204	324	
2664	-4	222	-120	-430	-270	14	128	254	
2665	-42	176	-120	-452	-322	-62	54	184	
2666	-74	130	-118	-460	-362	-128	-14	116	
2667	-98	88	-114	-454	-388	-184	-72	52	
2668	-114	48	-108	-438	-400	-224	-118	-4	
2669	-122	14	-102	-412	-398	-250	-152	-50	
2670	-126	-14	-94	-378	-384	-262	-174	-86	
2671	-122	-38	-84	-340	-360	-262	-184	-112	
2672	-116	-54	-74	-298	-330	-252	-184	-128	
2673	-106	-64	-62	-254	-292	-234	-178	-134	
2674	-94	-72	-52	-212	-254	-212	-166	-134	
2675	-82	-74	-40	-172	-214	-186	-150	-128	
2676	-72	-74	-28	-136	-178	-160	-132	-118	
2677	-62	-72	-16	-104	-144	-134	-116	-108	
2678	-52	-70	-4	-76	-114	-112	-100	-96	
2679	-46	-66	4	-54	-90	-94	-86	-86	
2680	-40	-64	14	-36	-70	-78	-76	-76	
2681	-36	-60	20	-22	-54	-66	-66	-68	
2682	-34	-58	28	-12	-42	-58	-60	-62	
2683	-32	-56	32	-4	-34	-54	-56	-58	
2684	-30	-54	36	0	-30	-50	-54	-56	
2685	-28	-52	38	4	-26	-48	-54	-54	
2686	-28	-52	40	6	-24	-48	-52	-54	
2687	-26	-52	42	8	-22	-48	-52	-54	
2688	-26	-50	44	10	-22	-48	-54	-54	
2689	-26	-50	44	10	-20	-48	-54	-54	
2690	-26	-50	44	12	-20	-48	-52	-54	
2691	-24	-50	44	12	-20	-48	-52	-54	
2692	-24	-50	46	14	-18	-48	-52	-54	
2693	-26	-50	46	14	-18	-46	-52	-52	
2694	-26	-50	46	16	-16	-46	-50	-52	
2695	-26	-50	46	16	-16	-44	-50	-52	
2696	-26	-50	46	18	-14	-44	-48	-50	
2697	-26	-50	46	18	-14	-42	-48	-50	
2698	-26	-50	46	20	-12	-42	-48	-48	
2699	-26	-50	46	20	-12	-40	-46	-48	
2700	-26	-50	48	22	-12	-40	-46	-46	
2701	-26	-50	48	22	-12	-38	-46	-46	
2702	-26	-52	48	22	-12	-38	-46	-46	
2703	-24	-52	48	22	-10	-38	-46	-46	
2704	-24	-52	48	24	-10	-38	-46	-44	
2705	-24	-52	48	24	-10	-36	-48	-44	
2706	-24	-52	48	24	-10	-36	-48	-44	
2707	-22	-52	48	26	-10	-36	-46	-44	
2708	-22	-52	48	26	-10	-34	-46	-44	
2709	-22	-52	48	28	-8	-34	-46	-44	
2710	-20	-52	48	28	-8	-34	-46	-44	
2711	-20	-50	48	30	-8	-32	-44	-44	
2712	-18	-50	46	32	-6	-32	-44	-44	
2713	-18	-48	46	32	-6	-30	-42	-44	
2714	-16	-48	46	34	-4	-28	-42	-42	
2715	-14	-46	46	36	-2	-28	-40	-42	
2716	-14	-46	46	36	-2	-26	-40	-42	
2717	-12	-44	46	38	0	-26	-38	-40	
2718	-12	-44	46	40	0	-24	-38	-40	
2719	-10	-42	46	40	2	-24	-36	-40	
2720	-10	-42	46	42	4	-24	-36	-40	
2721	-10	-42	46	42	4	-22	-36	-38	
2722	-10	-42	48	42	4	-22	-36	-38	
2723	-12	-44	48	42	6	-22	-36	-38	
2724	-12	-44	48	44	6	-22	-36	-40	
2725	-14	-44	48	44	6	-24	-36	-40	
2726	-14	-46	46	44	8	-24	-36	-40	
2727	-16	-46	46	44	8	-24	-38	-42	
2728	-18	-48	46	44	8	-24	-38	-42	
2729	-18	-48	46	46	8	-24	-38	-42	
2730	-18	-48	46	46	10	-24	-40	-44	
2731	-18	-46	46	48	10	-22	-40	-44	
2732	-18	-46	46	48	12	-22	-38	-44	
2733	-16	-44	46	50	14	-20	-38	-44	
2734	-14	-42	46	52	16	-18	-36	-42	
2735	-12	-40	46	56	18	-16	-34	-42	
2736	-10	-38	46	58	20	-14	-32	-40	
2737	-8	-36	46	60	24	-12	-30	-38	
2738	-8	-34	48	64	26	-10	-28	-36	
2739	-6	-34	48	66	30	-6	-26	-36	
2740	-4	-32	48	70	32	-4	-24	-34	
2741	-4	-32	48	72	34	-2	-20	-32	
2742	-4	-32	50	74	38	2	-18	-30	
2743	-4	-32	50	76	40	4	-16	-28	
2744	-4	-32	50	80	42	6	-14	-26	
2745	-4	-32	50	82	44	8	-14	-24	
2746	-6	-34	50	82	46	10	-12	-24	
2747	-6	-34	50	84	50	12	-10	-22	
2748	-6	-34	50	86	52	14	-10	-22	
2749	-6	-34	50	88	54	14	-8	-22	
2750	-6	-32	50	92	56	16	-8	-22	
2751	-6	-32	50	94	58	18	-6	-20	
2752	-4	-30	50	96	62	20	-6	-20	
2753	-2	-26	50	100	64	24	-4	-20	
2754	2	-24	50	102	68	26	-2	-18	
2755	6	-20	50	106	72	28	0	-16	
2756	8	-16	50	110	76	32	4	-14	
2757	12	-12	50	114	80	36	6	-12	
2758	16	-8	50	118	84	38	8	-10	
2759	18	-4	52	122	88	42	12	-8	
2760	20	0	52	126	92	46	16	-6	
2761	22	2	52	130	96	50	18	-4	
2762	24	6	52	134	100	54	22	0	
2763	26	10	52	138	104	58	26	2	
2764	28	12	52	142	110	62	28	6	
2765	28	16	52	146	114	66	32	8	
2766	30	18	52	148	118	70	36	10	
2767	30	22	52	152	122	74	40	14	
2768	32	26	52	156	126	78	44	16	
2769	34	28	52	158	130	82	46	20	
2770	34	32	50	162	134	86	50	24	
2771	36	36	50	164	138	90	54	26	
2772	38	40	50	168	140	94	60	30	
2773	40	46	48	170	144	100	64	34	
2774	44	50	46	172	146	104	68	36	
2775	46	54	46	174	150	108	72	40	
2776	48	58	44	174	152	112	76	44	
2777	50	64	42	176	154	116	78	48	
2778	52	68	40	176	158	120	82	52	
2779	54	74	38	178	160	122	86	56	
2780	56	78	38	178	162	126	90	58	
2781	60	82	36	176	162	130	94	62	
2782	62	86	34	176	164	132	98	66	
2783	64	90	32	176	166	136	100	70	
2784	66	94	32	174	166	138	104	74	
2785	68	98	30	174	168	140	106	76	
2786	70	100	28	172	168	142	108	80	
2787	72	102	28	170	168	144	110	82	
2788	74	104	26	166	166	146	112	86	
2789	76	106	24	164	164	146	114	88	
2790	76	106	22	160	164	146	114	90	
2791	76	108	20	156	160	146	114	92	
2792	76	108	18	152	158	146	114	92	
2793	76	108	14	146	154	144	114	94	
2794	76	108	12	140	150	142	114	94	
2795	76	108	10	134	146	140	112	94	
2796	74	106	6	128	142	136	110	94	
2797	72	106	4	122	138	134	108	92	
2798	70	104	2	116	132	130	106	92	
2799	68	102	0	108	128	126	102	90	
2800	66	100	-2	102	122	122	100	88	
2801	64	96	-4	94	118	118	96	86	
2802	62	94	-4	88	112	114	94	84	
2803	60	90	-6	82	106	108	90	82	
2804	58	88	-6	76	100	104	88	78	
2805	56	84	-6	70	96	100	84	76	
2806	54	80	-6	64	90	94	80	74	
2807	52	76	-4	58	84	90	76	70	
2808	50	72	-4	52	78	84	74	68	
2809	48	70	-4	48	72	78	70	64	
2810	46	66	-4	42	66	74	66	62	
2811	44	62	-4	36	60	68	60	58	
2812	42	58	-2	32	54	62	56	54	
2813	38	52	-2	26	48	56	52	50	
2814	36	48	-2	22	44	50	48	46	
2815	32	42	-2	16	38	44	42	42	
2816	30	38	-2	12	32	38	38	38	
2817	26	32	-2	8	28	34	34	34	
2818	22	28	-2	4	22	28	30	28	
2819	20	22	-2	0	18	24	24	24	
2820	16	18	-2	-2	14	18	20	20	
2821	12	14	-2	-6	10	14	16	16	
2822	10	10	-2	-8	6	10	14	12	
2823	8	6	-2	-10	2	6	10	10	
2824	6	2	-2	-12	-2	4	6	6	
2825	4	0	-2	-14	-4	0	4	2	
2826	2	-2	-2	-16	-8	-2	0	0	
2827	0	-4	0	-16	-10	-6	-2	-2	
2828	-2	-6	0	-18	-12	-8	-4	-4	
2829	-2	-6	0	-18	-14	-10	-6	-6	
2830	-4	-8	0	-18	-14	-12	-8	-8	
2831	-4	-8	0	-18	-16	-14	-10	-8	
2832	-6	-10	0	-20	-16	-16	-12	-10	
2833	-6	-10	0	-20	-18	-18	-14	-12	
2834	-8	-12	2	-20	-18	-20	-16	-12	
2835	-8	-12	2	-20	-20	-20	-16	-14	
2836	-8	-14	2	-20	-20	-22	-18	-14	
2837	-10	-14	4	-20	-20	-22	-18	-14	
2838	-10	-16	4	-20	-20	-24	-18	-16	
2839	-12	-16	4	-20	-20	-24	-20	-16	
2840	-12	-18	6	-20	-20	-24	-20	-16	
2841	-14	-20	8	-18	-20	-24	-20	-16	
2842	-14	-20	8	-18	-20	-24	-22	-18	
2843	-14	-22	10	-18	-20	-24	-22	-18	
2844	-16	-24	10	-18	-20	-24	-22	-18	
2845	-16	-24	10	-16	-20	-24	-22	-20	
2846	-16	-24	12	-16	-20	-24	-22	-20	
2847	-18	-26	12	-16	-20	-24	-22	-20	
2848	-18	-26	12	-16	-20	-24	-22	-22	
2849	-18	-26	12	-14	-18	-24	-22	-22	
2850	-18	-26	10	-14	-18	-24	-22	-22	
2851	-18	-26	10	-14	-18	-24	-22	-22	
2852	-18	-26	10	-14	-18	-24	-22	-22	
2853	-18	-24	10	-12	-16	-24	-22	-24	
2854	-18	-24	8	-12	-16	-24	-22	-24	
2855	-16	-24	8	-12	-16	-24	-22	-24	
2856	-16	-24	8	-12	-16	-24	-22	-22	
2857	-16	-24	8	-10	-14	-24	-22	-22	
2858	-14	-22	8	-10	-14	-24	-22	-22	
2859	-14	-22	8	-10	-14	-24	-22	-22	
2860	-12	-22	8	-10	-12	-24	-22	-22	
2861	-12	-20	8	-10	-12	-22	-22	-22	
2862	-12	-20	8	-8	-12	-22	-22	-22	
2863	-12	-18	8	-8	-10	-22	-22	-22	
2864	-12	-18	8	-8	-10	-22	-20	-22	
2865	-12	-18	8	-8	-8	-22	-20	-22	
2866	-12	-16	8	-8	-8	-20	-20	-22	
2867	-12	-16	8	-8	-8	-20	-20	-22	
2868	-12	-14	8	-8	-6	-20	-18	-22	
2869	-12	-14	8	-6	-6	-18	-18	-20	
2870	-12	-12	8	-6	-4	-18	-16	-20	
2871	-12	-12	8	-6	-4	-18	-16	-20	
2872	-12	-10	8	-6	-4	-16	-14	-18	
2873	-10	-10	8	-6	-2	-16	-14	-18	
2874	-10	-10	8	-6	-2	-16	-12	-16	
2875	-10	-10	8	-4	-2	-14	-12	-16	
2876	-8	-10	8	-4	-2	-14	-12	-14	
2877	-8	-8	8	-4	-2	-14	-10	-14	
2878	-8	-10	8	-6	-2	-14	-10	-14	
2879	-6	-10	8	-6	-2	-14	-10	-12	
2880	-6	-10	8	-6	-2	-14	-10	-12	
2881	-6	-10	8	-6	-2	-14	-10	-12	
2882	-6	-10	8	-6	-2	-14	-10	-12	
2883	-6	-10	8	-8	-2	-14	-10	-12	
2884	-6	-10	6	-8	-4	-14	-10	-12	
2885	-6	-12	6	-10	-4	-14	-12	-12	
2886	-8	-12	6	-10	-4	-16	-12	-12	
2887	-8	-12	6	-12	-6	-16	-12	-12	
2888	-10	-14	4	-12	-6	-16	-12	-12	
2889	-10	-14	4	-14	-8	-16	-14	-14	
2890	-12	-16	2	-14	-8	-18	-14	-14	
2891	-14	-16	2	-16	-10	-18	-14	-14	
2892	-16	-18	0	-18	-12	-18	-16	-14	
2893	-16	-18	0	-18	-12	-20	-16	-16	
2894	-18	-18	-2	-20	-14	-20	-16	-16	
2895	-18	-18	-2	-20	-14	-20	-18	-16	
2896	-18	-18	-2	-20	-16	-22	-18	-16	
2897	-18	-18	-2	-22	-16	-22	-18	-16	
2898	-18	-18	-2	-22	-16	-22	-18	-16	
2899	-16	-18	-2	-22	-18	-22	-18	-16	
2900	-16	-16	-2	-22	-18	-22	-18	-16	
2901	-14	-14	0	-22	-18	-22	-18	-16	
2902	-12	-14	0	-20	-18	-22	-18	-16	
2903	-10	-12	0	-20	-18	-22	-18	-16	
2904	-8	-10	0	-20	-18	-24	-18	-16	
2905	-6	-10	0	-20	-18	-24	-18	-14	
2906	-6	-8	2	-20	-20	-24	-18	-14	
2907	-4	-8	2	-20	-20	-24	-18	-14	
2908	-4	-6	2	-20	-20	-26	-18	-14	
2909	-2	-6	0	-20	-20	-26	-20	-14	
2910	-2	-6	0	-20	-22	-26	-20	-14	
2911	-2	-6	0	-22	-22	-28	-20	-14	
2912	-2	-6	0	-22	-22	-28	-20	-14	
2913	-4	-6	0	-22	-24	-28	-22	-14	
2914	-4	-6	0	-24	-24	-30	-22	-16	
2915	-6	-8	0	-24	-24	-30	-22	-16	
2916	-8	-10	-2	-26	-26	-30	-22	-16	
2917	-8	-12	-2	-26	-26	-30	-24	-16	
2918	-10	-14	-2	-26	-26	-32	-24	-16	
2919	-12	-16	-2	-28	-28	-32	-24	-18	
2920	-14	-20	-4	-28	-28	-34	-26	-18	
2921	-16	-22	-4	-30	-30	-34	-26	-18	
2922	-18	-24	-4	-30	-30	-34	-26	-18	
2923	-20	-26	-6	-32	-32	-36	-28	-20	
2924	-20	-28	-6	-32	-32	-36	-28	-20	
2925	-20	-28	-6	-32	-34	-36	-30	-20	
2926	-20	-28	-6	-32	-34	-38	-30	-22	
2927	-20	-28	-8	-32	-34	-38	-30	-22	
2928	-18	-28	-8	-32	-36	-38	-30	-22	
2929	-18	-26	-8	-32	-36	-38	-30	-20	
2930	-16	-24	-8	-32	-36	-38	-32	-20	
2931	-14	-24	-8	-32	-36	-38	-32	-20	
2932	-14	-22	-8	-32	-36	-38	-32	-20	
2933	-12	-22	-8	-32	-36	-38	-32	-20	
2934	-12	-20	-8	-32	-36	-38	-32	-20	
2935	-12	-20	-8	-32	-38	-40	-32	-20	
2936	-14	-20	-8	-32	-38	-40	-32	-20	
2937	-14	-22	-8	-32	-40	-40	-32	-20	
2938	-16	-24	-8	-34	-40	-42	-34	-22	
2939	-16	-24	-10	-34	-40	-42	-34	-22	
2940	-18	-26	-10	-34	-42	-42	-34	-24	
2941	-20	-28	-10	-36	-42	-44	-36	-24	
2942	-22	-30	-10	-36	-44	-44	-36	-26	
2943	-24	-30	-10	-36	-44	-44	-36	-26	
2944	-24	-32	-10	-36	-44	-44	-36	-26	
2945	-24	-32	-8	-36	-44	-44	-36	-28	
2946	-24	-30	-8	-36	-44	-44	-36	-28	
2947	-24	-30	-8	-36	-42	-42	-36	-26	
2948	-22	-28	-6	-34	-42	-42	-34	-26	
2949	-20	-26	-6	-34	-40	-40	-34	-26	
2950	-20	-24	-6	-34	-40	-40	-32	-24	
2951	-18	-24	-6	-32	-40	-40	-32	-24	
2952	-16	-22	-4	-32	-38	-38	-32	-24	
2953	-14	-20	-4	-32	-38	-38	-32	-22	
2954	-12	-20	-4	-32	-38	-38	-32	-22	
2955	-12	-20	-6	-32	-38	-38	-32	-22	
2956	-12	-20	-6	-32	-38	-38	-32	-22	
2957	-12	-22	-6	-32	-40	-40	-32	-22	
2958	-12	-22	-6	-34	-40	-40	-32	-24	
2959	-14	-24	-8	-34	-40	-40	-34	-24	
2960	-16	-26	-8	-34	-42	-42	-34	-26	
2961	-16	-28	-8	-36	-42	-42	-34	-26	
2962	-18	-28	-8	-36	-42	-44	-36	-28	
2963	-20	-30	-8	-36	-44	-44	-36	-28	
2964	-20	-30	-8	-38	-44	-44	-36	-28	
2965	-22	-30	-10	-38	-44	-46	-38	-28	
2966	-22	-30	-10	-38	-44	-46	-38	-30	
2967	-22	-30	-10	-38	-44	-46	-38	-30	
2968	-22	-30	-10	-38	-44	-46	-38	-30	
2969	-22	-28	-8	-38	-44	-46	-38	-30	
2970	-22	-28	-8	-38	-42	-46	-38	-30	
2971	-20	-28	-10	-38	-42	-44	-38	-30	
2972	-20	-26	-10	-38	-42	-44	-38	-30	
2973	-20	-26	-10	-38	-42	-44	-38	-30	
2974	-20	-26	-10	-38	-42	-44	-38	-30	
2975	-18	-26	-10	-38	-42	-42	-38	-30	
2976	-18	-26	-10	-38	-40	-42	-38	-30	
2977	-18	-26	-10	-38	-40	-42	-38	-30	
2978	-18	-24	-10	-38	-40	-42	-38	-30	
2979	-18	-24	-10	-38	-40	-42	-36	-30	
2980	-16	-22	-10	-38	-40	-40	-36	-30	
2981	-16	-22	-10	-38	-40	-40	-36	-30	
2982	-16	-20	-10	-40	-40	-40	-36	-30	
2983	-16	-20	-10	-40	-40	-40	-36	-30	
2984	-16	-18	-10	-40	-40	-40	-36	-30	
2985	-16	-18	-10	-40	-42	-40	-36	-30	
2986	-16	-18	-10	-40	-42	-42	-36	-30	
2987	-16	-18	-10	-42	-42	-42	-36	-30	
2988	-18	-20	-10	-42	-44	-42	-38	-30	
2989	-18	-20	-12	-42	-44	-42	-38	-32	
2990	-20	-22	-12	-42	-44	-42	-38	-32	
2991	-22	-24	-12	-42	-44	-44	-38	-32	
2992	-22	-24	-12	-42	-44	-44	-38	-32	
2993	-22	-26	-12	-42	-44	-42	-38	-32	
2994	-22	-26	-12	-42	-44	-42	-38	-32	
2995	-22	-26	-12	-40	-42	-42	-38	-32	
2996	-20	-24	-10	-38	-40	-40	-36	-32	
2997	-20	-22	-10	-36	-38	-38	-34	-30	
2998	-16	-20	-8	-34	-36	-36	-32	-28	
2999	-14	-16	-6	-32	-34	-34	-30	-28	
3000	-10	-10	-4	-28	-30	-32	-28	-26	
3001	-8	-6	0	-24	-26	-28	-26	-24	
3002	-4	-2	2	-22	-24	-26	-24	-22	
3003	-2	2	4	-18	-20	-24	-22	-20	
3004	0	6	6	-16	-16	-20	-18	-18	
3005	2	10	8	-12	-14	-18	-16	-16	
3006	4	12	10	-10	-12	-16	-14	-14	
3007	6	14	12	-8	-8	-14	-12	-12	
3008	6	16	12	-6	-6	-12	-10	-12	
3009	8	18	12	-6	-4	-10	-10	-10	
3010	8	18	12	-6	-2	-8	-8	-10	
3011	8	18	10	-6	0	-6	-6	-8	
3012	10	18	8	-6	0	-4	-4	-8	
3013	10	18	4	-8	2	-4	-2	-6	
3014	10	16	2	-10	2	-2	-2	-4	
3015	12	16	-2	-12	2	-2	0	-4	
3016	12	16	-6	-14	2	0	2	-2	
3017	14	16	-10	-16	2	0	2	-2	
3018	16	14	-14	-18	0	0	2	-2	
3019	16	14	-16	-20	0	-2	2	0	
3020	16	12	-20	-22	-2	-2	0	0	
3021	18	10	-22	-24	-6	-4	0	-2	
3022	18	6	-22	-26	-8	-6	-2	-2	
3023	18	4	-24	-28	-12	-10	-6	-4	
3024	18	-2	-24	-30	-18	-12	-8	-6	
3025	18	-6	-24	-32	-22	-16	-12	-10	
3026	18	-10	-24	-34	-26	-20	-16	-12	
3027	18	-16	-26	-36	-32	-24	-20	-16	
3028	18	-22	-26	-38	-36	-30	-24	-18	
3029	16	-26	-26	-40	-42	-34	-28	-22	
3030	16	-30	-26	-42	-46	-36	-30	-26	
3031	16	-34	-26	-44	-48	-40	-34	-28	
3032	16	-38	-26	-46	-52	-42	-36	-30	
3033	16	-40	-26	-48	-54	-44	-38	-32	
3034	16	-40	-26	-48	-56	-46	-38	-34	
3035	14	-40	-26	-50	-56	-48	-38	-34	
3036	14	-40	-26	-50	-56	-48	-38	-34	
3037	12	-38	-26	-50	-56	-48	-38	-34	
3038	10	-36	-24	-50	-54	-48	-36	-34	
3039	8	-34	-24	-50	-54	-46	-36	-32	
3040	4	-32	-22	-50	-52	-46	-34	-32	
3041	2	-30	-20	-48	-50	-46	-34	-32	
3042	-2	-30	-20	-48	-50	-46	-34	-30	
3043	-6	-28	-18	-48	-48	-46	-34	-30	
3044	-10	-28	-18	-46	-48	-46	-34	-30	
3045	-14	-30	-16	-46	-48	-46	-34	-30	
3046	-18	-30	-16	-46	-48	-46	-34	-32	
3047	-20	-32	-16	-46	-48	-48	-36	-32	
3048	-24	-34	-16	-46	-48	-48	-38	-34	
3049	-26	-36	-16	-48	-48	-50	-38	-36	
3050	-26	-38	-16	-48	-50	-50	-40	-36	
3051	-28	-40	-16	-48	-52	-52	-42	-38	
3052	-28	-40	-16	-50	-52	-54	-42	-40	
3053	-28	-42	-16	-50	-54	-54	-44	-40	
3054	-26	-42	-16	-50	-54	-54	-44	-42	
3055	-26	-42	-16	-50	-54	-56	-46	-42	
3056	-24	-40	-16	-50	-54	-56	-46	-44	
3057	-22	-40	-16	-50	-54	-56	-46	-44	
3058	-22	-38	-16	-50	-54	-56	-46	-44	
3059	-20	-38	-14	-50	-54	-56	-46	-44	
3060	-20	-36	-14	-48	-54	-56	-46	-44	
3061	-18	-36	-14	-48	-54	-54	-44	-44	
3062	-18	-36	-14	-48	-54	-54	-44	-44	
3063	-18	-36	-14	-48	-54	-54	-44	-42	
3064	-20	-36	-14	-50	-54	-54	-44	-42	
3065	-20	-36	-14	-50	-54	-54	-44	-42	
3066	-22	-38	-14	-50	-56	-54	-44	-42	
3067	-24	-38	-16	-52	-56	-56	-44	-42	
3068	-26	-40	-16	-54	-58	-56	-44	-42	
3069	-28	-42	-16	-54	-58	-58	-46	-44	
3070	-30	-44	-16	-56	-60	-60	-48	-44	
3071	-32	-46	-16	-56	-60	-62	-50	-46	
3072	-34	-50	-14	-54	-62	-64	-54	-48	
3073	-36	-52	-12	-52	-62	-68	-58	-52	
3074	-40	-54	-8	-48	-60	-70	-60	-56	
3075	-42	-58	-4	-42	-58	-72	-64	-60	
3076	-42	-60	0	-32	-54	-74	-68	-64	
3077	-42	-62	8	-20	-46	-74	-70	-68	
3078	-42	-62	14	-6	-36	-70	-70	-72	
3079	-38	-60	22	12	-24	-64	-68	-74	
3080	-32	-56	28	32	-6	-54	-60	-72	
3081	-22	-48	36	56	14	-36	-48	-68	
3082	-6	-38	42	82	40	-14	-30	-60	
3083	12	-24	46	108	68	16	-6	-44	
3084	34	-4	48	134	100	54	28	-24	
3085	62	22	48	160	136	98	68	4	
3086	94	52	44	182	172	148	114	40	
3087	128	88	38	198	206	202	168	84	
3088	162	128	28	206	240	260	226	134	
3089	198	172	14	204	268	316	284	188	
3090	230	216	-2	192	288	372	344	246	
3091	256	260	-20	168	298	418	398	304	
3092	278	302	-40	132	298	456	444	360	
3093	290	340	-60	84	284	482	480	408	
3094	292	372	-82	24	258	492	504	450	
3095	284	394	-102	-44	218	486	512	478	
3096	264	406	-122	-120	166	462	502	494	
3097	236	408	-138	-196	102	420	476	494	
3098	198	396	-152	-274	32	364	436	478	
3099	154	376	-164	-346	-42	296	382	446	
3100	108	344	-174	-410	-118	218	316	402	
3101	58	306	-178	-464	-190	136	244	348	
3102	12	260	-182	-504	-256	54	170	284	
3103	-32	212	-182	-530	-312	-24	96	218	
3104	-68	162	-178	-540	-354	-94	28	150	
3105	-98	114	-172	-536	-384	-152	-34	86	
3106	-120	70	-166	-516	-398	-198	-84	26	
3107	-132	32	-156	-486	-400	-230	-122	-24	
3108	-138	0	-144	-448	-388	-248	-150	-64	
3109	-136	-26	-132	-402	-364	-252	-166	-96	
3110	-128	-44	-118	-352	-334	-246	-170	-116	
3111	-118	-56	-104	-300	-296	-232	-168	-128	
3112	-104	-62	-88	-250	-256	-210	-158	-130	
3113	-92	-64	-74	-202	-216	-186	-144	-128	
3114	-78	-62	-60	-160	-176	-160	-128	-120	
3115	-66	-60	-46	-124	-142	-136	-112	-112	
3116	-58	-54	-34	-92	-110	-114	-96	-100	
3117	-50	-50	-22	-66	-84	-94	-82	-90	
3118	-46	-46	-12	-44	-62	-78	-70	-80	
3119	-44	-44	-4	-28	-46	-66	-62	-72	
3120	-42	-42	4	-18	-34	-58	-56	-66	
3121	-44	-42	8	-8	-26	-52	-52	-62	
3122	-44	-42	12	-2	-22	-50	-48	-60	
3123	-46	-44	16	0	-20	-48	-48	-58	
3124	-48	-44	18	4	-18	-48	-48	-58	
3125	-48	-46	20	4	-18	-48	-48	-58	
3126	-48	-46	20	6	-18	-48	-48	-58	
3127	-48	-48	20	6	-18	-48	-48	-60	
3128	-48	-48	22	8	-18	-48	-48	-60	
3129	-46	-46	22	8	-18	-48	-48	-60	
3130	-44	-46	22	10	-18	-48	-48	-60	
3131	-42	-46	22	10	-18	-46	-48	-60	
3132	-40	-44	24	12	-16	-46	-48	-60	
3133	-38	-44	24	14	-16	-44	-48	-58	
3134	-36	-42	24	16	-14	-44	-48	-58	
3135	-34	-42	26	16	-12	-42	-46	-58	
3136	-32	-40	26	18	-12	-42	-46	-56	
3137	-32	-40	26	20	-10	-40	-46	-56	
3138	-30	-40	28	20	-8	-40	-46	-54	
3139	-30	-40	28	22	-8	-38	-46	-54	
3140	-30	-40	28	24	-8	-38	-44	-54	
3141	-30	-40	28	24	-6	-38	-44	-54	
3142	-30	-40	28	24	-6	-38	-44	-54	
3143	-32	-42	28	26	-6	-36	-44	-54	
3144	-32	-42	28	26	-4	-36	-44	-54	
3145	-32	-42	28	26	-4	-36	-44	-54	
3146	-34	-42	26	26	-4	-36	-44	-54	
3147	-34	-44	26	28	-4	-36	-42	-54	
3148	-36	-44	26	28	-2	-36	-42	-54	
3149	-36	-44	26	28	-2	-36	-42	-54	
3150	-36	-44	26	30	-2	-34	-42	-54	
3151	-36	-44	26	30	0	-34	-42	-54	
3152	-34	-44	26	32	2	-34	-40	-52	
3153	-34	-42	26	32	2	-32	-40	-52	
3154	-34	-42	26	34	4	-32	-40	-52	
3155	-32	-42	26	36	4	-30	-38	-50	
3156	-30	-40	28	36	6	-30	-38	-50	
3157	-30	-38	28	38	8	-28	-36	-50	
3158	-28	-38	28	40	8	-28	-36	-48	
3159	-28	-38	28	40	10	-26	-36	-48	
3160	-26	-36	28	42	10	-26	-34	-48	
3161	-26	-36	28	42	12	-24	-34	-48	
3162	-26	-36	26	44	12	-24	-34	-48	
3163	-26	-36	26	44	14	-24	-34	-48	
3164	-26	-36	26	46	14	-22	-34	-48	
3165	-26	-36	26	46	16	-22	-32	-46	
3166	-26	-36	26	48	16	-20	-32	-46	
3167	-26	-36	26	48	18	-20	-32	-46	
3168	-26	-36	26	50	20	-18	-30	-46	
3169	-24	-36	28	52	22	-18	-30	-46	
3170	-24	-34	28	54	22	-16	-30	-46	
3171	-22	-34	28	56	24	-16	-28	-46	
3172	-22	-34	28	58	26	-14	-28	-46	
3173	-20	-32	30	60	28	-12	-26	-44	
3174	-20	-32	30	62	32	-10	-24	-44	
3175	-18	-30	30	64	34	-8	-24	-44	
3176	-16	-28	32	66	36	-8	-22	-42	
3177	-16	-28	32	70	38	-6	-22	-42	
3178	-14	-26	32	72	40	-4	-20	-40	
3179	-14	-26	34	74	42	-2	-18	-40	
3180	-12	-24	34	78	44	0	-18	-38	
3181	-12	-24	34	80	46	2	-16	-38	
3182	-12	-22	36	84	50	4	-16	-36	
3183	-12	-22	36	86	52	6	-14	-36	
3184	-14	-20	36	88	54	6	-14	-36	
3185	-14	-20	36	92	56	8	-12	-34	
3186	-14	-20	36	94	58	10	-12	-34	
3187	-14	-20	36	98	60	12	-10	-32	
3188	-14	-18	36	100	62	14	-8	-32	
3189	-16	-18	36	104	64	16	-6	-30	
3190	-14	-18	36	106	66	18	-6	-30	
3191	-14	-16	36	110	70	20	-4	-28	
3192	-14	-16	36	114	72	22	0	-26	
3193	-12	-14	36	118	76	26	2	-24	
3194	-10	-12	36	120	80	28	4	-22	
3195	-6	-10	36	126	84	32	8	-20	
3196	-4	-8	36	130	88	36	10	-18	
3197	0	-4	38	134	92	40	14	-16	
3198	4	-2	38	138	96	42	16	-12	
3199	8	2	38	142	100	46	20	-10	
3200	12	6	38	148	104	50	22	-6	
3201	16	10	38	152	110	54	26	-4	
3202	20	14	38	156	114	58	30	0	
3203	22	18	38	160	118	62	32	2	
3204	24	20	38	164	122	66	36	6	
3205	26	24	38	168	126	70	38	8	
3206	28	28	38	172	130	74	42	12	
3207	28	30	38	176	132	78	46	14	
3208	28	34	38	180	136	82	50	18	
3209	30	36	38	184	140	86	52	20	
3210	30	40	38	186	144	90	56	24	
3211	30	42	38	188	148	94	60	26	
3212	32	46	38	192	150	98	64	30	
3213	34	50	36	194	154	102	68	32	
3214	34	54	36	196	158	106	72	36	
3215	38	58	34	198	160	110	76	40	
3216	40	62	34	200	162	114	78	42	
3217	42	66	32	200	166	118	82	46	
3218	46	70	32	202	168	122	86	50	
3219	48	74	30	202	170	124	88	54	
3220	50	78	28	202	172	128	92	56	
3221	52	82	26	202	172	130	94	60	
3222	54	86	24	200	174	132	98	62	
3223	56	88	24	198	174	136	100	66	
3224	58	92	22	196	174	136	102	68	
3225	60	96	20	194	174	138	104	70	
3226	62	98	18	192	174	140	106	74	
3227	64	102	18	188	174	140	108	76	
3228	66	104	16	186	172	140	110	78	
3229	68	108	14	182	172	140	112	80	
3230	72	110	14	178	170	140	112	82	
3231	74	114	12	174	168	140	114	84	
3232	76	116	10	168	166	140	114	86	
3233	78	116	8	162	164	138	114	86	
3234	78	118	6	158	160	136	114	88	
3235	80	118	4	152	156	134	112	88	
3236	80	118	2	144	152	132	110	88	
3237	78	116	0	138	148	130	110	86	
3238	78	112	-4	130	142	126	106	86	
3239	76	110	-6	122	138	122	104	84	
3240	72	106	-8	114	132	118	100	82	
3241	70	102	-10	106	126	112	98	80	
3242	66	98	-12	98	118	108	94	78	
3243	64	92	-14	90	112	102	90	74	
3244	60	88	-16	82	106	98	86	72	
3245	56	82	-16	74	100	92	82	68	
3246	52	78	-18	68	94	86	78	66	
3247	48	74	-18	60	88	82	74	62	
3248	44	68	-18	54	80	76	70	58	
3249	42	64	-18	46	74	70	66	56	
3250	38	58	-18	40	70	66	60	52	
3251	34	52	-20	34	64	60	56	48	
3252	30	46	-20	30	58	54	52	44	
3253	26	42	-20	24	52	50	48	40	
3254	22	36	-18	18	48	44	44	36	
3255	18	30	-18	14	42	40	38	32	
3256	14	26	-18	10	36	36	34	28	
3257	10	22	-18	6	32	32	30	26	
3258	6	16	-18	2	28	26	26	22	
3259	4	12	-18	-2	24	22	22	18	
3260	0	10	-18	-4	20	18	18	14	
3261	-2	6	-16	-8	16	16	16	12	
3262	-4	4	-16	-10	12	12	12	8	
3263	-6	2	-16	-12	10	8	8	6	
3264	-8	0	-16	-14	6	4	6	2	
3265	-8	-2	-16	-18	4	2	2	0	
3266	-10	-4	-14	-20	2	-2	0	-2	
3267	-10	-4	-14	-20	-2	-4	-2	-6	
3268	-10	-6	-14	-22	-4	-6	-4	-8	
3269	-10	-8	-14	-24	-6	-8	-6	-10	
3270	-12	-8	-14	-26	-6	-10	-8	-12	
3271	-12	-10	-14	-26	-8	-12	-10	-14	
3272	-12	-12	-14	-28	-10	-14	-12	-16	
3273	-14	-14	-14	-28	-10	-16	-14	-16	
3274	-14	-16	-12	-28	-12	-18	-16	-18	
3275	-16	-18	-12	-28	-12	-18	-16	-20	
3276	-18	-20	-12	-28	-12	-20	-18	-20	
3277	-20	-22	-12	-28	-14	-20	-18	-22	
3278	-22	-24	-10	-28	-14	-22	-18	-22	
3279	-22	-26	-10	-26	-14	-22	-18	-22	
3280	-24	-26	-10	-26	-14	-22	-20	-24	
3281	-24	-28	-10	-24	-12	-22	-20	-24	
3282	-22	-28	-8	-24	-12	-22	-18	-24	
3283	-22	-26	-8	-22	-12	-20	-18	-24	
3284	-20	-26	-8	-20	-12	-20	-18	-22	
3285	-20	-24	-8	-20	-12	-20	-18	-22	
3286	-18	-24	-8	-18	-10	-20	-18	-22	
3287	-16	-22	-8	-18	-10	-18	-18	-22	
3288	-14	-20	-8	-16	-10	-18	-18	-22	
3289	-12	-20	-8	-16	-10	-18	-16	-22	
3290	-12	-18	-8	-16	-8	-18	-16	-20	
3291	-12	-18	-8	-14	-8	-18	-16	-20	
3292	-12	-18	-8	-14	-8	-18	-16	-20	
3293	-12	-16	-8	-14	-8	-18	-16	-20	
3294	-12	-16	-8	-14	-6	-18	-16	-20	
3295	-12	-16	-8	-12	-6	-18	-16	-20	
3296	-14	-16	-8	-12	-6	-18	-16	-20	
3297	-14	-16	-8	-12	-4	-18	-16	-22	
3298	-14	-14	-8	-12	-4	-18	-16	-22	
3299	-14	-14	-6	-10	-2	-18	-16	-22	
3300	-16	-14	-6	-10	-2	-18	-16	-22	
3301	-16	-14	-6	-10	-2	-16	-14	-20	
3302	-16	-16	-6	-10	0	-16	-14	-20	
3303	-18	-16	-6	-10	0	-16	-14	-20	
3304	-18	-16	-6	-10	0	-16	-14	-20	
3305	-20	-18	-6	-8	2	-16	-14	-20	
3306	-20	-20	-6	-8	2	-16	-14	-20	
3307	-22	-20	-6	-8	2	-14	-14	-20	
3308	-24	-22	-8	-8	2	-14	-14	-18	
3309	-24	-24	-8	-8	4	-14	-12	-18	
3310	-24	-24	-8	-8	4	-14	-12	-18	
3311	-24	-24	-8	-8	4	-14	-12	-18	
3312	-24	-24	-8	-8	4	-12	-12	-16	
3313	-24	-24	-8	-8	6	-12	-12	-16	
3314	-22	-22	-10	-8	6	-12	-10	-16	
3315	-22	-20	-10	-8	6	-12	-10	-16	
3316	-20	-20	-10	-8	6	-12	-10	-16	
3317	-18	-18	-10	-8	6	-12	-10	-16	
3318	-18	-18	-10	-8	6	-12	-10	-16	
3319	-16	-16	-12	-8	6	-12	-10	-16	
3320	-14	-14	-12	-10	6	-12	-10	-16	
3321	-14	-14	-12	-10	6	-14	-10	-16	
3322	-14	-12	-12	-10	6	-14	-10	-16	
3323	-14	-12	-12	-10	4	-14	-10	-16	
3324	-12	-12	-12	-10	4	-14	-10	-16	
3325	-12	-12	-12	-12	4	-14	-10	-16	
3326	-12	-10	-12	-12	4	-14	-10	-16	
3327	-12	-10	-14	-12	4	-16	-10	-16	
3328	-12	-10	-14	-12	2	-16	-10	-16	
3329	-10	-10	-14	-14	2	-16	-12	-16	
3330	-10	-10	-14	-14	2	-16	-12	-16	
3331	-8	-10	-14	-14	0	-16	-12	-16	
3332	-8	-10	-14	-16	0	-16	-12	-16	
3333	-6	-10	-14	-16	-2	-18	-12	-16	
3334	-6	-10	-14	-18	-2	-18	-14	-16	
3335	-6	-10	-16	-18	-4	-18	-14	-16	
3336	-6	-10	-16	-20	-4	-18	-14	-16	
3337	-6	-12	-16	-20	-6	-18	-14	-16	
3338	-6	-12	-16	-22	-6	-18	-14	-16	
3339	-6	-12	-18	-22	-8	-18	-14	-16	
3340	-6	-12	-18	-22	-8	-18	-14	-16	
3341	-8	-12	-18	-22	-8	-18	-14	-16	
3342	-8	-12	-18	-22	-10	-20	-14	-16	
3343	-8	-12	-18	-22	-10	-20	-14	-16	
3344	-8	-12	-18	-22	-10	-20	-14	-16	
3345	-10	-12	-20	-22	-10	-22	-14	-16	
3346	-10	-14	-20	-24	-10	-22	-14	-16	
3347	-10	-14	-20	-24	-12	-24	-14	-16	
3348	-12	-14	-20	-24	-12	-24	-16	-16	
3349	-12	-16	-22	-26	-14	-26	-16	-16	
3350	-14	-16	-22	-26	-14	-28	-18	-16	
3351	-16	-18	-22	-26	-16	-28	-18	-18	
3352	-18	-20	-24	-28	-18	-30	-20	-18	
3353	-18	-20	-24	-28	-18	-32	-20	-20	
3354	-20	-22	-24	-30	-20	-32	-22	-20	
3355	-22	-24	-24	-30	-20	-34	-22	-20	
3356	-22	-24	-24	-32	-22	-34	-22	-22	
3357	-22	-24	-24	-32	-22	-34	-22	-22	
3358	-22	-24	-24	-32	-22	-34	-24	-22	
3359	-22	-24	-24	-32	-22	-34	-24	-22	
3360	-22	-24	-24	-32	-24	-34	-22	-22	
3361	-20	-24	-24	-30	-24	-34	-22	-22	
3362	-20	-24	-24	-30	-22	-34	-22	-22	
3363	-18	-22	-24	-30	-22	-34	-22	-22	
3364	-16	-22	-24	-30	-22	-34	-22	-22	
3365	-16	-22	-24	-30	-22	-34	-22	-22	
3366	-14	-22	-24	-30	-22	-34	-22	-22	
3367	-14	-22	-24	-30	-22	-34	-22	-22	
3368	-14	-22	-24	-30	-22	-34	-22	-22	
3369	-14	-22	-24	-30	-24	-36	-22	-22	
3370	-14	-22	-24	-32	-24	-36	-24	-24	
3371	-14	-22	-24	-32	-24	-36	-24	-24	
3372	-16	-24	-24	-32	-24	-38	-26	-24	
3373	-18	-26	-26	-34	-26	-38	-26	-26	
3374	-18	-26	-26	-34	-26	-38	-26	-26	
3375	-20	-28	-26	-36	-26	-40	-28	-26	
3376	-22	-28	-26	-36	-26	-40	-28	-26	
3377	-22	-30	-28	-36	-26	-40	-28	-26	
3378	-22	-30	-28	-36	-26	-40	-28	-26	
3379	-22	-30	-28	-36	-26	-40	-28	-26	
3380	-22	-30	-28	-36	-26	-40	-28	-26	
3381	-22	-30	-26	-36	-26	-38	-26	-26	
3382	-22	-30	-26	-36	-26	-38	-26	-24	
3383	-20	-28	-26	-36	-24	-38	-26	-24	
3384	-18	-26	-26	-34	-24	-38	-24	-22	
3385	-18	-24	-26	-34	-24	-38	-24	-22	
3386	-16	-22	-24	-34	-24	-38	-24	-22	
3387	-14	-22	-24	-32	-24	-38	-24	-22	
3388	-14	-20	-24	-32	-24	-38	-24	-22	
3389	-14	-18	-24	-32	-24	-38	-26	-22	
3390	-14	-18	-24	-34	-26	-38	-26	-24	
3391	-14	-18	-24	-34	-26	-40	-28	-24	
3392	-14	-18	-24	-34	-26	-40	-28	-26	
3393	-14	-20	-26	-36	-26	-42	-30	-26	
3394	-16	-20	-26	-36	-28	-42	-30	-28	
3395	-18	-22	-26	-36	-28	-44	-32	-28	
3396	-18	-24	-26	-38	-28	-44	-32	-28	
3397	-20	-26	-28	-38	-30	-44	-34	-30	
3398	-20	-28	-28	-38	-30	-46	-34	-30	
3399	-20	-30	-28	-38	-30	-46	-34	-30	
3400	-22	-30	-28	-40	-30	-46	-34	-30	
3401	-22	-32	-28	-40	-30	-44	-34	-30	
3402	-22	-32	-28	-38	-30	-44	-34	-30	
3403	-22	-32	-28	-38	-30	-44	-34	-28	
3404	-22	-32	-28	-38	-30	-42	-32	-28	
3405	-20	-30	-26	-38	-30	-42	-32	-26	
3406	-20	-30	-26	-38	-28	-42	-30	-26	
3407	-20	-28	-26	-38	-28	-40	-28	-24	
3408	-20	-28	-26	-38	-28	-40	-28	-24	
3409	-18	-26	-24	-36	-28	-38	-26	-22	
3410	-18	-26	-24	-36	-26	-38	-26	-22	
3411	-18	-24	-24	-36	-26	-38	-26	-22	
3412	-18	-24	-22	-36	-26	-36	-24	-22	
3413	-18	-24	-22	-36	-26	-36	-24	-22	
3414	-18	-24	-22	-36	-26	-36	-24	-22	
3415	-18	-24	-22	-36	-26	-36	-24	-22	
3416	-18	-24	-20	-36	-26	-36	-24	-24	
3417	-20	-26	-22	-36	-26	-36	-24	-24	
3418	-20	-26	-22	-36	-26	-36	-24	-24	
3419	-22	-28	-22	-38	-26	-36	-26	-26	
3420	-22	-30	-22	-38	-28	-36	-26	-26	
3421	-24	-30	-24	-38	-28	-38	-26	-28	
3422	-24	-32	-26	-40	-28	-38	-28	-28	
3423	-24	-34	-26	-40	-30	-38	-28	-28	
3424	-26	-34	-28	-40	-30	-40	-30	-30	
3425	-26	-34	-28	-40	-32	-40	-30	-30	
3426	-26	-34	-30	-40	-32	-42	-32	-30	
3427	-26	-34	-30	-40	-32	-42	-32	-30	
3428	-26	-34	-30	-40	-32	-42	-32	-30	
3429	-24	-34	-30	-40	-32	-42	-32	-30	
3430	-24	-32	-30	-40	-32	-42	-32	-30	
3431	-22	-30	-30	-38	-32	-42	-32	-28	
3432	-20	-28	-30	-38	-30	-42	-32	-28	
3433	-18	-24	-28	-36	-28	-42	-30	-28	
3434	-16	-22	-26	-34	-26	-40	-28	-26	
3435	-14	-18	-24	-32	-24	-38	-28	-26	
3436	-10	-14	-22	-30	-22	-36	-26	-24	
3437	-8	-10	-20	-28	-18	-34	-22	-22	
3438	-6	-6	-18	-24	-16	-32	-20	-22	
3439	-4	-2	-16	-22	-12	-30	-18	-20	
3440	0	2	-12	-18	-10	-26	-16	-18	
3441	0	4	-10	-16	-6	-24	-14	-16	
3442	2	6	-6	-14	-2	-22	-12	-14	
3443	4	8	-4	-10	0	-20	-10	-12	
3444	4	10	-2	-8	4	-18	-8	-12	
3445	6	10	0	-6	6	-16	-6	-10	
3446	6	10	2	-4	8	-14	-4	-8	
3447	6	10	2	-4	10	-12	-4	-6	
3448	6	10	2	-2	12	-10	-2	-4	
3449	8	10	0	-2	14	-8	0	-2	
3450	8	8	-2	-2	16	-6	2	0	
3451	10	8	-4	-4	16	-4	4	2	
3452	12	10	-8	-4	16	-2	6	4	
3453	14	10	-12	-6	16	0	8	6	
3454	16	10	-14	-6	16	2	10	8	
3455	18	12	-18	-8	16	2	12	10	
3456	22	12	-22	-10	14	2	12	12	
3457	24	12	-24	-12	14	2	12	12	
3458	24	12	-28	-14	10	2	12	12	
3459	26	12	-28	-14	8	0	10	12	
3460	26	8	-30	-16	4	-2	8	10	
3461	26	6	-32	-18	0	-6	4	8	
3462	24	2	-32	-20	-6	-10	2	4	
3463	24	-4	-32	-24	-10	-14	-2	2	
3464	22	-8	-32	-26	-16	-18	-8	-4	
3465	18	-14	-32	-28	-20	-24	-12	-8	
3466	16	-20	-34	-30	-26	-28	-16	-12	
3467	14	-26	-34	-34	-30	-32	-20	-16	
3468	12	-32	-34	-36	-34	-36	-24	-20	
3469	12	-36	-34	-38	-38	-40	-28	-24	
3470	10	-40	-34	-40	-40	-42	-30	-26	
3471	10	-42	-36	-42	-42	-44	-32	-28	
3472	10	-44	-36	-44	-44	-44	-34	-30	
3473	10	-44	-36	-44	-44	-46	-34	-30	
3474	8	-44	-36	-46	-44	-46	-34	-30	
3475	8	-44	-36	-46	-44	-46	-34	-30	
3476	6	-42	-36	-46	-44	-44	-32	-28	
3477	4	-40	-34	-46	-42	-44	-32	-28	
3478	2	-38	-34	-46	-40	-44	-32	-26	
3479	0	-36	-32	-46	-40	-42	-30	-26	
3480	-4	-34	-32	-46	-38	-42	-30	-24	
3481	-8	-34	-30	-46	-38	-42	-30	-24	
3482	-12	-34	-30	-46	-38	-42	-32	-24	
3483	-16	-34	-28	-46	-38	-42	-32	-26	
3484	-20	-34	-28	-46	-38	-42	-34	-26	
3485	-24	-36	-26	-46	-38	-44	-34	-28	
3486	-26	-38	-26	-46	-38	-44	-36	-28	
3487	-28	-40	-26	-46	-38	-46	-38	-30	
3488	-30	-42	-24	-46	-40	-46	-38	-32	
3489	-32	-44	-24	-46	-40	-48	-40	-34	
3490	-32	-46	-24	-46	-40	-48	-42	-34	
3491	-32	-46	-24	-46	-40	-48	-42	-36	
3492	-30	-48	-22	-44	-40	-48	-42	-36	
3493	-30	-48	-22	-44	-42	-50	-42	-36	
3494	-28	-48	-22	-44	-42	-50	-42	-38	
3495	-26	-46	-22	-44	-40	-48	-42	-38	
3496	-26	-46	-22	-44	-40	-48	-42	-36	
3497	-24	-44	-22	-44	-40	-48	-40	-36	
3498	-24	-42	-22	-44	-40	-48	-40	-36	
3499	-22	-40	-22	-44	-40	-46	-38	-36	
3500	-22	-38	-22	-44	-40	-46	-38	-36	
3501	-22	-38	-22	-44	-40	-46	-38	-34	
3502	-22	-38	-22	-46	-42	-46	-38	-34	
3503	-22	-38	-24	-48	-42	-46	-38	-34	
3504	-24	-38	-24	-48	-44	-46	-38	-34	
3505	-26	-40	-24	-50	-44	-48	-38	-34	
3506	-28	-42	-24	-50	-46	-50	-40	-34	
3507	-30	-46	-24	-52	-48	-52	-42	-36	
3508	-32	-50	-24	-52	-50	-54	-44	-36	
3509	-36	-54	-22	-52	-50	-58	-48	-38	
3510	-38	-56	-20	-50	-52	-62	-52	-42	
3511	-42	-60	-18	-46	-52	-64	-56	-46	
3512	-44	-64	-14	-42	-50	-68	-60	-50	
3513	-46	-68	-10	-34	-48	-70	-64	-54	
3514	-48	-70	-4	-24	-42	-70	-66	-58	
3515	-46	-70	2	-12	-36	-70	-68	-62	
3516	-44	-68	8	4	-24	-64	-66	-64	
3517	-38	-66	16	24	-12	-56	-62	-64	
3518	-30	-58	22	46	6	-44	-52	-62	
3519	-18	-50	28	70	28	-24	-38	-56	
3520	0	-36	34	98	54	0	-18	-44	
3521	22	-20	36	124	82	32	10	-26	
3522	48	2	38	152	114	70	44	-4	
3523	78	28	36	176	148	114	84	28	
3524	112	60	32	198	182	164	132	64	
3525	148	94	24	212	214	216	184	110	
3526	184	132	14	220	244	272	238	158	
3527	218	174	0	218	268	324	294	212	
3528	250	214	-14	204	286	372	346	266	
3529	276	254	-32	176	294	414	394	320	
3530	296	292	-50	138	290	444	432	370	
3531	304	324	-70	88	274	462	462	414	
3532	304	350	-88	26	246	464	476	446	
3533	292	368	-106	-44	206	450	476	468	
3534	268	376	-122	-120	156	422	460	474	
3535	236	374	-136	-198	96	376	430	468	
3536	194	360	-148	-276	28	318	386	446	
3537	148	338	-156	-348	-42	250	330	410	
3538	98	308	-164	-412	-112	176	268	364	
3539	48	270	-168	-464	-178	98	200	308	
3540	0	228	-170	-502	-236	22	130	246	
3541	-42	184	-168	-526	-286	-48	62	184	
3542	-78	140	-166	-534	-324	-110	2	120	
3543	-106	98	-160	-526	-348	-160	-50	62	
3544	-126	58	-154	-506	-360	-198	-94	10	
3545	-138	24	-146	-474	-358	-222	-126	-34	
3546	-142	-4	-136	-432	-346	-234	-146	-70	
3547	-138	-28	-124	-386	-324	-234	-158	-94	
3548	-130	-44	-112	-334	-294	-226	-160	-110	
3549	-120	-54	-98	-282	-260	-210	-154	-116	
3550	-106	-60	-84	-232	-224	-188	-144	-118	
3551	-94	-64	-70	-186	-188	-164	-130	-112	
3552	-80	-64	-56	-144	-152	-140	-114	-104	
3553	-70	-60	-42	-108	-120	-118	-100	-94	
3554	-60	-58	-30	-76	-94	-96	-86	-84	
3555	-52	-54	-20	-50	-70	-80	-74	-74	
3556	-46	-52	-10	-32	-52	-66	-64	-64	
3557	-42	-48	-2	-16	-38	-54	-56	-56	
3558	-40	-46	4	-4	-28	-48	-50	-50	
3559	-38	-46	10	4	-20	-42	-48	-46	
3560	-38	-46	14	8	-16	-40	-46	-44	
3561	-38	-46	16	12	-14	-40	-46	-44	
3562	-38	-46	18	14	-12	-40	-46	-44	
3563	-38	-48	20	14	-12	-40	-48	-44	
3564	-40	-48	20	14	-14	-42	-48	-44	
3565	-40	-50	20	16	-14	-42	-50	-46	
3566	-42	-52	20	16	-14	-44	-52	-48	
3567	-42	-54	20	16	-14	-44	-54	-50	
3568	-44	-54	20	16	-14	-46	-54	-50	
3569	-44	-56	20	16	-14	-46	-54	-52	
3570	-44	-56	20	16	-14	-46	-54	-52	
3571	-44	-58	20	18	-12	-44	-54	-52	
3572	-44	-58	20	18	-12	-44	-54	-52	
3573	-44	-58	20	20	-10	-44	-54	-52	
3574	-44	-58	22	20	-10	-42	-52	-52	
3575	-42	-56	22	22	-8	-40	-52	-50	
3576	-40	-56	24	24	-6	-40	-50	-50	
3577	-38	-54	24	24	-6	-38	-50	-48	
3578	-36	-52	24	26	-4	-38	-48	-48	
3579	-34	-48	26	28	-4	-36	-48	-46	
3580	-32	-46	26	28	-2	-36	-46	-46	
3581	-30	-44	26	30	-2	-36	-46	-44	
3582	-28	-42	26	30	-2	-34	-46	-44	
3583	-26	-40	26	32	0	-34	-44	-44	
3584	-24	-38	26	32	0	-34	-44	-42	
3585	-24	-38	26	32	0	-32	-42	-42	
3586	-24	-38	26	34	0	-32	-42	-42	
3587	-24	-38	26	34	0	-32	-42	-42	
3588	-24	-38	26	36	2	-32	-40	-42	
3589	-24	-40	26	36	2	-30	-40	-42	
3590	-26	-42	26	36	2	-30	-40	-42	
3591	-26	-44	26	38	4	-30	-40	-42	
3592	-28	-44	26	38	4	-30	-38	-42	
3593	-28	-46	26	40	4	-28	-38	-42	
3594	-30	-48	26	42	6	-28	-38	-42	
3595	-30	-48	28	42	6	-26	-38	-42	
3596	-30	-50	28	44	8	-26	-38	-42	
3597	-30	-50	28	44	8	-26	-38	-42	
3598	-30	-50	30	46	10	-24	-38	-42	
3599	-28	-48	30	48	10	-22	-38	-42	
3600	-28	-48	32	48	12	-22	-38	-40	
3601	-28	-46	32	50	12	-20	-38	-40	
3602	-26	-44	32	50	14	-20	-36	-40	
3603	-26	-44	34	52	14	-20	-36	-40	
3604	-26	-42	34	52	14	-18	-36	-40	
3605	-24	-42	32	54	16	-18	-36	-40	
3606	-24	-40	32	54	16	-18	-34	-40	
3607	-24	-40	32	56	18	-18	-34	-40	
3608	-22	-40	32	56	18	-16	-34	-40	
3609	-22	-40	30	58	20	-16	-34	-40	
3610	-20	-40	30	60	20	-16	-32	-38	
3611	-20	-40	30	62	22	-16	-32	-38	
3612	-18	-40	30	62	24	-16	-32	-38	
3613	-16	-38	30	64	26	-14	-30	-38	
3614	-16	-38	30	68	26	-14	-30	-36	
3615	-14	-36	30	70	30	-12	-28	-36	
3616	-12	-36	30	72	32	-10	-26	-34	
3617	-10	-34	32	76	34	-8	-26	-34	
3618	-10	-32	32	78	38	-6	-24	-32	
3619	-8	-30	34	82	40	-2	-22	-30	
3620	-6	-30	34	84	42	0	-20	-28	
3621	-6	-28	36	88	46	4	-16	-28	
3622	-4	-26	36	90	48	6	-14	-26	
3623	-4	-24	38	94	52	10	-12	-24	
3624	-4	-22	38	98	54	12	-10	-22	
3625	-4	-20	38	100	56	14	-8	-20	
3626	-2	-18	40	104	60	16	-6	-20	
3627	-2	-16	40	106	62	18	-4	-18	
3628	-2	-16	40	110	64	22	-4	-16	
3629	-2	-14	40	112	66	24	-2	-14	
3630	-2	-12	40	116	68	26	0	-12	
3631	-2	-12	40	120	72	28	2	-12	
3632	0	-10	42	124	74	30	4	-10	
3633	0	-10	42	126	78	32	6	-8	
3634	0	-8	42	130	80	36	8	-6	
3635	0	-8	42	134	84	38	10	-4	
3636	2	-6	42	138	88	42	12	-2	
3637	2	-4	42	142	92	46	16	0	
3638	4	-2	44	146	96	50	18	2	
3639	6	0	44	150	100	54	22	4	
3640	8	2	44	156	104	58	26	8	
3641	10	6	44	160	108	62	28	10	
3642	14	10	44	164	114	68	34	14	
3643	18	14	46	168	118	72	38	18	
3644	22	20	46	172	122	78	42	22	
3645	24	24	44	176	126	82	46	26	
3646	28	30	44	180	130	88	52	30	
3647	32	36	44	184	134	92	56	34	
3648	36	42	42	186	138	98	60	38	
3649	40	48	42	188	142	102	64	42	
3650	44	54	40	190	146	106	70	46	
3651	46	60	38	192	150	110	74	50	
3652	50	64	38	194	152	114	78	52	
3653	52	70	36	194	156	118	80	56	
3654	54	74	34	194	158	120	84	60	
3655	56	78	32	194	160	122	88	62	
3656	58	82	30	194	160	124	90	66	
3657	60	86	30	192	162	128	92	68	
3658	62	88	28	192	164	128	96	72	
3659	62	90	26	190	164	130	98	74	
3660	62	94	24	188	164	132	100	76	
3661	64	96	24	186	164	134	102	80	
3662	64	98	22	184	162	134	104	82	
3663	64	100	20	182	162	136	106	84	
3664	64	102	18	178	160	136	106	88	
3665	64	102	16	176	160	138	108	90	
3666	64	104	14	172	158	138	110	92	
3667	66	106	12	168	156	140	112	94	
3668	66	106	10	164	154	140	112	96	
3669	66	106	8	160	152	140	114	98	
3670	66	106	6	154	148	140	114	100	
3671	66	104	4	150	146	138	114	100	
3672	66	102	0	144	142	138	112	102	
3673	64	100	-2	138	140	136	112	102	
3674	62	98	-4	130	134	134	110	102	
3675	60	96	-6	124	130	130	108	100	
3676	60	92	-8	116	126	128	106	100	
3677	58	90	-10	108	120	124	104	98	
3678	56	88	-12	102	116	118	100	96	
3679	54	84	-12	94	110	114	96	92	
3680	52	82	-14	86	104	108	92	90	
3681	50	80	-14	80	98	104	88	86	
3682	50	78	-14	72	92	98	84	84	
3683	48	78	-14	66	86	92	80	80	
3684	48	76	-14	60	80	86	76	76	
3685	46	72	-14	54	74	80	72	72	
3686	46	70	-12	48	68	74	66	70	
3687	44	68	-12	44	62	70	62	66	
3688	42	64	-10	38	58	64	58	62	
3689	40	60	-10	34	52	58	54	58	
3690	36	56	-10	28	46	54	48	54	
3691	34	50	-10	24	42	50	44	50	
3692	30	46	-10	20	36	44	38	46	
3693	26	40	-8	16	32	40	34	40	
3694	22	36	-8	12	26	36	30	36	
3695	18	30	-8	8	22	30	26	32	
3696	14	26	-8	4	18	26	22	28	
3697	12	22	-8	0	14	22	18	26	
3698	8	18	-8	-2	10	18	14	22	
3699	6	16	-8	-6	6	14	10	18	
3700	2	12	-8	-8	4	10	6	14	
3701	0	8	-6	-10	0	8	4	12	
3702	-2	6	-6	-12	-2	4	0	8	
3703	-6	2	-6	-14	-6	0	-2	6	
3704	-8	-2	-6	-16	-8	-2	-6	2	
3705	-12	-4	-6	-18	-10	-6	-8	0	
3706	-14	-8	-6	-20	-12	-8	-10	-2	
3707	-16	-12	-6	-22	-14	-10	-12	-6	
3708	-18	-14	-6	-22	-16	-14	-14	-8	
3709	-20	-16	-4	-24	-18	-14	-16	-10	
3710	-22	-18	-4	-24	-20	-16	-18	-10	
3711	-22	-20	-4	-24	-20	-18	-20	-12	
3712	-24	-22	-4	-24	-22	-18	-20	-12	
3713	-22	-22	-2	-24	-22	-20	-20	-12	
3714	-22	-22	-2	-24	-22	-20	-20	-14	
3715	-20	-22	0	-22	-22	-20	-22	-14	
3716	-20	-22	0	-22	-22	-20	-22	-14	
3717	-18	-20	2	-20	-22	-20	-22	-14	
3718	-18	-20	2	-20	-22	-20	-22	-14	
3719	-16	-20	2	-18	-20	-20	-22	-14	
3720	-16	-20	4	-18	-20	-18	-20	-14	
3721	-16	-20	4	-16	-20	-18	-20	-14	
3722	-16	-20	4	-16	-20	-18	-20	-14	
3723	-16	-20	4	-14	-20	-18	-20	-14	
3724	-18	-20	4	-14	-18	-18	-20	-14	
3725	-18	-22	4	-14	-18	-16	-20	-14	
3726	-20	-22	4	-12	-18	-16	-20	-14	
3727	-20	-22	4	-12	-18	-18	-20	-14	
3728	-22	-24	4	-12	-18	-18	-22	-14	
3729	-22	-24	4	-10	-16	-18	-22	-14	
3730	-24	-24	4	-10	-16	-18	-22	-14	
3731	-24	-26	6	-10	-16	-20	-22	-14	
3732	-24	-26	6	-8	-16	-20	-22	-16	
3733	-24	-24	8	-8	-14	-20	-22	-16	
3734	-24	-24	8	-6	-14	-20	-24	-16	
3735	-22	-24	10	-6	-14	-20	-24	-16	
3736	-22	-22	12	-6	-14	-20	-24	-16	
3737	-22	-22	12	-4	-12	-20	-24	-16	
3738	-22	-20	14	-4	-12	-20	-22	-16	
3739	-20	-20	14	-4	-10	-18	-22	-16	
3740	-20	-18	14	-4	-10	-18	-22	-16	
3741	-20	-18	14	-4	-10	-16	-22	-16	
3742	-18	-16	12	-4	-10	-16	-20	-16	
3743	-18	-16	12	-4	-8	-16	-20	-14	
3744	-18	-16	10	-4	-8	-14	-20	-14	
3745	-18	-16	8	-4	-8	-14	-20	-14	
3746	-18	-16	6	-4	-8	-14	-18	-14	
3747	-18	-16	6	-4	-6	-12	-18	-14	
3748	-16	-16	4	-4	-6	-12	-18	-14	
3749	-16	-16	4	-4	-6	-12	-16	-12	
3750	-16	-16	4	-4	-6	-10	-16	-12	
3751	-14	-14	4	-4	-6	-10	-16	-12	
3752	-14	-14	4	-2	-6	-10	-14	-12	
3753	-12	-12	4	-2	-6	-8	-14	-12	
3754	-10	-10	6	-2	-4	-8	-14	-10	
3755	-10	-8	6	-2	-6	-8	-14	-10	
3756	-10	-8	6	-2	-6	-8	-14	-10	
3757	-8	-6	8	-2	-6	-8	-14	-10	
3758	-8	-6	8	-2	-6	-8	-14	-10	
3759	-8	-4	8	-4	-6	-8	-14	-10	
3760	-8	-4	8	-4	-8	-10	-16	-8	
3761	-8	-4	6	-6	-8	-10	-16	-8	
3762	-10	-6	6	-6	-10	-10	-16	-8	
3763	-10	-6	6	-6	-10	-10	-16	-8	
3764	-10	-6	6	-8	-10	-10	-18	-8	
3765	-12	-8	4	-8	-10	-10	-18	-10	
3766	-12	-8	4	-8	-12	-12	-16	-10	
3767	-12	-10	4	-8	-12	-12	-16	-10	
3768	-12	-10	4	-10	-12	-12	-16	-10	
3769	-12	-10	4	-10	-12	-12	-16	-10	
3770	-12	-10	4	-10	-12	-12	-16	-10	
3771	-12	-12	4	-10	-14	-12	-16	-10	
3772	-12	-12	4	-10	-14	-12	-16	-10	
3773	-12	-12	4	-12	-14	-14	-16	-10	
3774	-12	-14	4	-12	-16	-14	-16	-10	
3775	-14	-14	4	-12	-16	-16	-16	-10	
3776	-14	-16	2	-14	-18	-18	-18	-12	
3777	-14	-16	2	-16	-20	-20	-18	-12	
3778	-14	-18	2	-16	-22	-22	-20	-12	
3779	-14	-18	2	-18	-22	-24	-22	-12	
3780	-16	-20	0	-18	-24	-24	-22	-14	
3781	-16	-20	0	-20	-26	-26	-22	-14	
3782	-16	-20	0	-20	-28	-28	-24	-14	
3783	-16	-20	0	-22	-28	-28	-24	-14	
3784	-16	-22	0	-22	-28	-28	-24	-14	
3785	-16	-22	0	-22	-30	-28	-24	-14	
3786	-14	-22	0	-24	-30	-28	-24	-14	
3787	-14	-22	0	-24	-30	-28	-24	-14	
3788	-14	-22	0	-24	-30	-28	-24	-14	
3789	-12	-22	0	-24	-30	-26	-24	-14	
3790	-12	-22	0	-24	-30	-26	-24	-14	
3791	-12	-20	0	-24	-30	-26	-24	-14	
3792	-12	-20	0	-24	-30	-26	-24	-14	
3793	-10	-20	0	-26	-30	-26	-24	-14	
3794	-10	-18	0	-26	-30	-26	-24	-14	
3795	-10	-18	0	-26	-30	-26	-24	-14	
3796	-10	-16	0	-26	-30	-26	-26	-14	
3797	-10	-16	0	-26	-30	-26	-26	-14	
3798	-8	-14	0	-28	-32	-26	-26	-14	
3799	-8	-12	-2	-28	-32	-28	-26	-16	
3800	-8	-10	-2	-28	-34	-28	-26	-16	
3801	-8	-10	-2	-28	-34	-28	-28	-16	
3802	-8	-8	-2	-28	-34	-30	-28	-16	
3803	-8	-8	-2	-28	-36	-30	-28	-18	
3804	-8	-8	-2	-28	-36	-32	-28	-18	
3805	-8	-8	-2	-28	-38	-32	-30	-18	
3806	-8	-10	-2	-28	-38	-34	-30	-18	
3807	-8	-10	0	-30	-40	-34	-30	-20	
3808	-8	-12	0	-30	-40	-36	-32	-20	
3809	-10	-14	0	-30	-40	-36	-32	-20	
3810	-10	-16	0	-30	-40	-36	-32	-20	
3811	-10	-16	0	-30	-40	-36	-32	-20	
3812	-10	-18	0	-30	-40	-36	-32	-20	
3813	-12	-20	0	-30	-40	-36	-32	-20	
3814	-12	-20	0	-30	-40	-36	-32	-20	
3815	-12	-20	0	-32	-38	-36	-32	-20	
3816	-12	-22	0	-32	-38	-34	-30	-20	
3817	-12	-22	0	-32	-38	-34	-30	-20	
3818	-12	-22	0	-32	-38	-34	-30	-18	
3819	-12	-24	0	-32	-38	-34	-30	-18	
3820	-12	-24	-2	-34	-40	-34	-30	-18	
3821	-12	-26	-2	-34	-40	-34	-30	-18	
3822	-14	-26	-2	-34	-42	-34	-32	-20	
3823	-14	-28	-2	-36	-42	-36	-32	-20	
3824	-14	-28	-2	-36	-44	-38	-34	-20	
3825	-16	-30	-2	-38	-44	-38	-36	-22	
3826	-16	-30	-2	-38	-46	-40	-36	-22	
3827	-16	-30	-2	-38	-48	-42	-38	-24	
3828	-18	-30	-4	-40	-48	-44	-40	-26	
3829	-18	-30	-4	-40	-48	-46	-40	-26	
3830	-18	-30	-4	-40	-50	-46	-40	-28	
3831	-18	-30	-4	-40	-50	-46	-42	-28	
3832	-18	-28	-4	-40	-50	-46	-42	-28	
3833	-18	-28	-4	-38	-48	-46	-40	-28	
3834	-16	-26	-4	-38	-48	-46	-40	-28	
3835	-16	-26	-4	-36	-46	-44	-38	-28	
3836	-14	-26	-4	-36	-46	-42	-38	-28	
3837	-14	-24	-2	-34	-44	-42	-36	-26	
3838	-12	-24	-2	-34	-44	-40	-34	-24	
3839	-12	-24	-2	-32	-44	-38	-34	-24	
3840	-12	-24	-2	-32	-42	-36	-32	-22	
3841	-12	-24	-2	-32	-42	-36	-32	-22	
3842	-12	-24	0	-32	-42	-34	-30	-20	
3843	-12	-24	0	-32	-42	-34	-30	-20	
3844	-12	-24	0	-32	-42	-34	-30	-20	
3845	-12	-26	0	-32	-42	-34	-32	-20	
3846	-14	-26	0	-32	-42	-36	-32	-20	
3847	-14	-26	-2	-34	-42	-36	-32	-22	
3848	-14	-26	-2	-34	-44	-38	-34	-22	
3849	-14	-26	-2	-36	-44	-38	-34	-24	
3850	-14	-26	-2	-36	-44	-40	-36	-24	
3851	-14	-26	0	-36	-44	-40	-36	-26	
3852	-12	-24	0	-38	-44	-42	-38	-26	
3853	-12	-24	0	-38	-46	-42	-38	-28	
3854	-10	-22	0	-38	-46	-42	-38	-28	
3855	-8	-22	0	-38	-46	-42	-38	-28	
3856	-8	-20	0	-38	-46	-44	-38	-28	
3857	-8	-20	2	-38	-46	-44	-38	-28	
3858	-6	-20	2	-38	-46	-44	-38	-28	
3859	-6	-20	2	-38	-46	-44	-38	-28	
3860	-8	-20	2	-38	-46	-44	-38	-28	
3861	-8	-20	2	-38	-48	-44	-38	-28	
3862	-8	-20	2	-38	-48	-44	-38	-28	
3863	-10	-22	2	-38	-48	-44	-36	-28	
3864	-10	-22	2	-38	-48	-44	-36	-28	
3865	-10	-22	2	-36	-48	-44	-36	-28	
3866	-10	-20	2	-36	-46	-42	-36	-28	
3867	-8	-18	2	-36	-46	-42	-34	-26	
3868	-8	-16	2	-34	-44	-40	-32	-26	
3869	-6	-14	4	-32	-44	-38	-32	-26	
3870	-6	-10	4	-30	-42	-36	-30	-24	
3871	-4	-8	6	-28	-38	-34	-28	-22	
3872	-2	-4	8	-24	-36	-32	-26	-20	
3873	-2	-2	10	-22	-34	-30	-24	-20	
3874	0	2	12	-20	-32	-28	-22	-18	
3875	0	4	14	-16	-28	-26	-20	-16	
3876	2	4	14	-14	-26	-24	-18	-14	
3877	2	6	16	-12	-24	-22	-18	-12	
3878	2	6	18	-10	-22	-20	-16	-10	
3879	4	8	18	-8	-20	-18	-14	-10	
3880	6	8	18	-6	-18	-16	-14	-8	
3881	8	10	18	-4	-16	-14	-12	-6	
3882	10	10	16	-4	-14	-12	-10	-4	
3883	14	12	16	-4	-12	-10	-8	-2	
3884	18	16	14	-4	-10	-8	-6	0	
3885	22	18	12	-4	-8	-6	-4	2	
3886	24	22	10	-4	-8	-4	-2	6	
3887	28	24	8	-6	-8	-2	0	8	
3888	32	26	4	-6	-6	0	2	10	
3889	34	28	2	-8	-6	2	4	12	
3890	36	28	0	-10	-8	2	4	14	
3891	36	26	-2	-12	-10	2	4	14	
3892	36	24	-4	-14	-12	0	4	14	
3893	36	20	-4	-16	-16	-2	2	12	
3894	34	14	-6	-18	-20	-4	-2	10	
3895	32	8	-6	-20	-24	-8	-6	8	
3896	28	0	-8	-22	-28	-12	-10	4	
3897	26	-8	-8	-24	-34	-16	-14	0	
3898	24	-14	-8	-26	-40	-22	-18	-4	
3899	22	-22	-8	-28	-44	-26	-24	-8	
3900	20	-26	-8	-30	-48	-30	-28	-12	
3901	18	-32	-8	-30	-52	-34	-32	-16	
3902	18	-36	-8	-32	-56	-38	-36	-20	
3903	18	-38	-8	-34	-60	-42	-38	-22	
3904	18	-40	-8	-34	-62	-44	-40	-24	
3905	18	-42	-10	-36	-64	-46	-42	-26	
3906	18	-42	-10	-36	-64	-46	-44	-26	
3907	18	-40	-10	-36	-66	-46	-44	-28	
3908	18	-40	-8	-38	-66	-46	-44	-26	
3909	18	-38	-8	-38	-64	-46	-42	-26	
3910	16	-38	-8	-38	-64	-46	-42	-26	
3911	16	-36	-6	-38	-62	-44	-40	-24	
3912	14	-34	-6	-38	-62	-44	-40	-24	
3913	10	-34	-4	-36	-60	-44	-38	-24	
3914	8	-32	-2	-36	-60	-44	-38	-24	
3915	4	-32	-2	-36	-58	-42	-38	-22	
3916	2	-32	0	-36	-58	-42	-38	-24	
3917	-2	-30	2	-36	-58	-44	-38	-24	
3918	-4	-32	2	-36	-58	-44	-38	-24	
3919	-6	-32	4	-36	-58	-44	-40	-26	
3920	-10	-32	4	-36	-58	-46	-40	-26	
3921	-12	-32	4	-36	-60	-46	-42	-28	
3922	-14	-34	4	-36	-60	-48	-44	-28	
3923	-14	-36	4	-38	-62	-50	-46	-30	
3924	-16	-36	4	-38	-62	-50	-46	-32	
3925	-18	-38	4	-38	-64	-52	-48	-32	
3926	-18	-40	4	-38	-64	-54	-50	-34	
3927	-20	-42	2	-40	-66	-54	-50	-36	
3928	-20	-44	2	-40	-66	-54	-52	-36	
3929	-22	-46	2	-40	-66	-56	-52	-36	
3930	-22	-48	2	-40	-66	-56	-52	-38	
3931	-24	-48	2	-40	-68	-56	-52	-38	
3932	-24	-50	2	-42	-68	-54	-52	-38	
3933	-24	-48	2	-42	-68	-54	-50	-36	
3934	-24	-48	2	-42	-68	-54	-50	-36	
3935	-22	-46	4	-42	-68	-52	-48	-36	
3936	-22	-44	4	-42	-68	-52	-48	-36	
3937	-20	-42	4	-42	-68	-52	-46	-34	
3938	-20	-40	6	-42	-68	-52	-46	-34	
3939	-20	-38	6	-42	-68	-52	-46	-34	
3940	-20	-36	8	-42	-70	-52	-46	-32	
3941	-20	-36	10	-42	-70	-54	-48	-34	
3942	-20	-36	10	-40	-70	-56	-50	-34	
3943	-22	-36	14	-38	-70	-58	-52	-36	
3944	-24	-40	16	-36	-70	-60	-56	-40	
3945	-26	-42	20	-32	-70	-64	-60	-44	
3946	-28	-46	24	-26	-68	-66	-64	-48	
3947	-30	-50	28	-18	-64	-68	-68	-52	
3948	-32	-54	34	-8	-58	-68	-70	-58	
3949	-30	-56	40	4	-48	-66	-72	-62	
3950	-28	-56	46	20	-36	-60	-70	-64	
3951	-24	-54	52	38	-20	-50	-62	-64	
3952	-14	-50	56	58	0	-34	-52	-60	
3953	-2	-40	60	80	24	-12	-34	-52	
3954	16	-26	64	102	52	16	-8	-38	
3955	36	-8	64	126	82	54	24	-16	
3956	62	16	62	148	116	96	64	12	
3957	92	46	58	166	150	146	112	50	
3958	124	80	50	182	186	200	164	94	
3959	158	120	40	190	218	258	222	144	
3960	192	162	28	192	248	316	282	200	
3961	222	204	14	186	270	372	342	258	
3962	250	248	-2	168	284	420	398	318	
3963	270	290	-20	142	290	460	446	374	
3964	284	326	-38	104	282	488	484	424	
3965	288	356	-54	58	262	502	508	466	
3966	282	378	-70	4	228	498	518	496	
3967	264	392	-84	-58	182	476	510	510	
3968	238	394	-96	-122	126	438	484	510	
3969	204	386	-106	-188	60	384	444	494	
3970	162	368	-112	-252	-12	316	390	464	
3971	116	340	-118	-312	-84	238	324	418	
3972	68	304	-120	-362	-156	156	252	362	
3973	22	262	-122	-404	-224	74	176	298	
3974	-22	218	-122	-434	-284	-6	100	230	
3975	-60	170	-120	-452	-332	-80	30	160	
3976	-90	124	-116	-456	-368	-142	-34	94	
3977	-114	82	-112	-448	-390	-192	-86	32	
3978	-130	42	-106	-430	-398	-228	-128	-20	
3979	-136	10	-100	-400	-394	-250	-158	-62	
3980	-138	-18	-92	-366	-378	-258	-176	-94	
3981	-134	-40	-82	-324	-352	-254	-184	-116	
3982	-124	-54	-72	-282	-320	-242	-182	-128	
3983	-112	-64	-62	-238	-284	-222	-172	-132	
3984	-100	-68	-50	-194	-244	-198	-158	-130	
3985	-86	-68	-38	-154	-206	-172	-142	-122	
3986	-72	-66	-26	-118	-170	-146	-124	-112	
3987	-60	-62	-14	-88	-138	-122	-108	-100	
3988	-50	-56	-2	-60	-108	-100	-92	-88	
3989	-42	-52	6	-40	-86	-82	-80	-76	
3990	-36	-46	16	-22	-68	-68	-70	-68	
3991	-32	-42	22	-10	-54	-56	-62	-60	
3992	-28	-40	28	0	-44	-50	-56	-54	
3993	-26	-38	32	6	-36	-44	-52	-52	
3994	-24	-36	36	10	-32	-42	-52	-50	
3995	-24	-36	38	12	-30	-40	-50	-48	
3996	-24	-38	40	14	-30	-40	-50	-48	
3997	-24	-38	40	14	-30	-42	-50	-48	
3998	-24	-40	42	14	-28	-42	-52	-48	
3999	-24	-42	42	14	-28	-42	-52	-50	
4000	-24	-42	44	14	-28	-42	-52	-50	
4001	-24	-42	44	16	-28	-42	-52	-50	
4002	-24	-44	44	16	-28	-42	-52	-50	
4003	-24	-44	44	16	-26	-42	-50	-48	
4004	-24	-42	46	18	-26	-42	-50	-48	
4005	-24	-42	46	18	-24	-42	-50	-48	
4006	-24	-42	46	20	-24	-42	-48	-46	
4007	-22	-40	46	20	-24	-42	-48	-46	
4008	-22	-40	46	20	-24	-42	-48	-46	
4009	-22	-40	46	20	-22	-42	-48	-46	
4010	-24	-40	46	22	-22	-42	-48	-44	
4011	-24	-42	46	22	-22	-42	-48	-44	
4012	-26	-42	44	22	-22	-42	-48	-44	
4013	-26	-44	44	22	-22	-42	-48	-44	
4014	-28	-46	44	22	-22	-42	-48	-46	
4015	-30	-48	42	24	-22	-42	-50	-46	
4016	-30	-50	42	24	-22	-42	-50	-46	
4017	-32	-50	42	24	-22	-40	-48	-46	
4018	-32	-52	42	26	-22	-40	-48	-46	
4019	-32	-52	44	26	-20	-38	-48	-46	
4020	-32	-52	44	28	-20	-38	-48	-46	
4021	-30	-52	46	30	-18	-36	-48	-46	
4022	-30	-52	46	32	-16	-34	-46	-44	
4023	-28	-50	48	32	-16	-32	-46	-44	
4024	-26	-48	48	34	-14	-32	-46	-42	
4025	-24	-46	50	36	-12	-30	-44	-42	
4026	-22	-46	52	38	-10	-28	-44	-40	
4027	-20	-44	52	38	-10	-26	-42	-40	
4028	-18	-42	54	40	-8	-26	-42	-38	
4029	-16	-42	54	42	-6	-24	-40	-38	
4030	-16	-40	54	42	-4	-24	-40	-36	
4031	-14	-40	54	44	-4	-22	-38	-36	
4032	-14	-40	56	44	-2	-22	-38	-36	
4033	-14	-38	56	46	0	-20	-38	-36	
4034	-14	-38	54	46	0	-20	-36	-36	
4035	-14	-38	54	46	2	-20	-36	-34	
4036	-14	-38	54	48	4	-18	-36	-34	
4037	-14	-38	54	48	4	-18	-34	-36	
4038	-14	-38	52	48	6	-18	-34	-36	
4039	-14	-38	52	50	6	-18	-34	-36	
4040	-16	-36	52	50	8	-16	-34	-36	
4041	-16	-36	50	52	10	-16	-34	-36	
4042	-16	-36	50	52	10	-16	-34	-36	
4043	-16	-36	48	54	12	-14	-32	-36	
4044	-14	-36	48	56	12	-14	-32	-34	
4045	-14	-36	48	56	14	-14	-32	-34	
4046	-14	-36	48	58	16	-12	-30	-34	
4047	-12	-36	48	60	18	-10	-30	-32	
4048	-12	-36	48	64	20	-10	-28	-32	
4049	-10	-36	48	66	22	-8	-28	-30	
4050	-10	-34	48	68	24	-6	-26	-30	
4051	-8	-34	50	72	26	-4	-24	-28	
4052	-6	-32	50	74	30	-2	-22	-26	
4053	-6	-32	52	78	32	0	-20	-26	
4054	-4	-30	52	80	34	2	-18	-24	
4055	-2	-28	52	84	38	6	-16	-22	
4056	-2	-26	54	86	40	8	-16	-22	
4057	0	-24	54	88	42	10	-14	-20	
4058	2	-22	56	92	46	12	-12	-20	
4059	2	-20	56	94	48	14	-12	-18	
4060	2	-20	56	96	50	16	-10	-18	
4061	2	-18	56	100	52	18	-8	-16	
4062	4	-16	56	102	56	20	-8	-16	
4063	4	-16	58	104	58	22	-6	-14	
4064	4	-14	56	106	60	26	-4	-14	
4065	4	-14	56	110	64	28	-2	-12	
4066	4	-12	56	112	66	32	0	-10	
4067	4	-12	56	116	70	34	4	-8	
4068	6	-10	56	120	74	38	6	-6	
4069	8	-8	56	124	78	42	10	-4	
4070	10	-4	56	128	82	46	14	-2	
4071	12	-2	56	132	88	50	18	2	
4072	16	2	58	138	92	54	22	4	
4073	18	6	58	142	98	60	26	8	
4074	22	10	58	146	102	64	30	12	
4075	26	14	60	152	108	70	34	16	
4076	30	18	60	156	114	74	38	18	
4077	32	22	60	160	118	80	42	22	
4078	34	26	60	164	124	84	46	26	
4079	36	30	60	168	128	88	50	30	
4080	38	34	58	172	132	92	54	34	
4081	40	38	58	174	136	96	58	36	
4082	40	40	56	176	140	100	60	40	
4083	40	44	54	178	142	104	64	42	
4084	40	46	54	180	146	108	66	46	
4085	42	50	50	180	148	110	70	48	
4086	42	52	48	180	150	114	74	50	
4087	44	56	46	182	152	116	76	54	
4088	44	60	44	182	154	118	80	56	
4089	48	66	42	182	156	122	82	60	
4090	50	70	40	180	158	124	86	62	
4091	54	74	38	180	158	126	90	66	
4092	56	80	36	180	160	128	92	70	
4093	60	86	34	178	160	130	96	72	
4094	64	90	34	176	162	132	98	76	
4095	68	94	32	176	162	134	100	80	
4096	72	98	30	174	162	134	104	82	
4097	74	102	28	170	160	136	106	84	
4098	76	106	26	168	160	136	106	86	
4099	78	108	24	164	158	138	108	88	
4100	78	108	22	160	156	138	110	90	
4101	78	110	20	156	154	138	110	92	
4102	78	110	18	152	150	136	110	92	
4103	76	110	16	146	148	136	110	94	
4104	76	110	14	140	144	134	110	94	
4105	74	108	10	136	140	132	108	94	
4106	72	106	8	130	136	130	108	94	
4107	70	106	6	124	132	128	106	94	
4108	68	104	4	118	128	126	104	92	
4109	66	100	4	110	122	122	102	92	
4110	62	98	2	104	118	120	100	90	
4111	60	96	0	98	112	116	98	88	
4112	56	92	0	92	106	112	94	86	
4113	54	88	-2	86	102	108	92	84	
4114	52	84	-2	80	96	104	88	82	
4115	48	80	-2	74	90	98	84	80	
4116	46	76	-2	68	82	94	80	76	
4117	42	72	-2	62	76	88	76	72	
4118	40	66	-2	56	70	84	70	68	
4119	38	62	-2	50	64	78	66	66	
4120	34	56	-4	44	58	72	60	62	
4121	32	52	-4	38	52	66	56	58	
4122	30	46	-4	34	46	62	52	52	
4123	28	42	-4	28	40	56	46	48	
4124	24	38	-4	24	34	50	42	44	
4125	22	32	-4	20	30	44	36	40	
4126	20	28	-4	14	24	38	32	36	
4127	18	24	-4	10	20	34	28	32	
4128	16	20	-4	8	16	28	24	30	
4129	14	18	-4	4	12	24	20	26	
4130	12	14	-4	0	8	20	18	22	
4131	10	12	-2	-2	4	16	14	20	
4132	8	8	-2	-6	0	12	12	16	
4133	6	6	-2	-8	-4	8	8	14	
4134	4	4	-2	-10	-6	4	6	12	
4135	2	0	0	-12	-10	0	2	10	
4136	0	-2	0	-14	-12	-2	0	6	
4137	-2	-4	0	-16	-14	-6	-2	4	
4138	-4	-8	2	-16	-18	-8	-4	2	
4139	-6	-10	2	-18	-20	-10	-6	0	
4140	-8	-12	2	-20	-22	-12	-8	-2	
4141	-8	-16	2	-20	-24	-14	-12	-4	
4142	-10	-18	4	-20	-26	-16	-14	-8	
4143	-12	-20	4	-22	-26	-18	-14	-10	
4144	-14	-24	4	-22	-28	-20	-16	-12	
4145	-16	-26	4	-22	-28	-22	-18	-14	
4146	-16	-26	4	-22	-30	-24	-20	-16	
4147	-18	-28	4	-22	-30	-24	-22	-18	
4148	-18	-30	4	-22	-30	-26	-22	-18	
4149	-20	-30	4	-22	-30	-26	-24	-20	
4150	-20	-30	4	-22	-30	-28	-24	-22	
4151	-20	-30	4	-22	-30	-28	-26	-22	
4152	-20	-30	4	-20	-30	-28	-26	-24	
4153	-20	-30	6	-20	-28	-28	-26	-24	
4154	-20	-30	6	-20	-28	-28	-26	-24	
4155	-20	-28	6	-18	-26	-28	-26	-24	
4156	-20	-28	8	-18	-26	-28	-26	-24	
4157	-20	-28	8	-16	-24	-28	-26	-24	
4158	-18	-26	10	-16	-24	-28	-26	-24	
4159	-18	-26	10	-14	-22	-26	-26	-24	
4160	-18	-26	12	-14	-22	-26	-24	-24	
4161	-18	-26	12	-12	-20	-26	-24	-22	
4162	-18	-24	12	-12	-20	-24	-24	-22	
4163	-18	-24	14	-10	-18	-24	-22	-22	
4164	-18	-24	14	-10	-18	-24	-22	-20	
4165	-18	-24	14	-10	-18	-24	-22	-20	
4166	-20	-24	14	-10	-18	-22	-22	-20	
4167	-20	-24	14	-10	-16	-22	-20	-18	
4168	-20	-24	14	-10	-16	-22	-20	-18	
4169	-22	-24	12	-10	-16	-22	-20	-18	
4170	-22	-24	12	-10	-16	-22	-20	-18	
4171	-24	-24	12	-10	-16	-20	-20	-18	
4172	-24	-24	12	-10	-16	-20	-20	-18	
4173	-26	-24	10	-10	-14	-20	-20	-18	
4174	-26	-24	10	-10	-14	-20	-18	-18	
4175	-26	-24	10	-10	-14	-20	-18	-18	
4176	-26	-22	10	-10	-14	-20	-18	-16	
4177	-26	-22	10	-10	-12	-20	-18	-16	
4178	-24	-22	10	-8	-12	-18	-16	-16	
4179	-24	-22	10	-8	-12	-18	-16	-14	
4180	-22	-22	10	-8	-10	-18	-16	-14	
4181	-22	-22	10	-6	-10	-18	-16	-14	
4182	-20	-20	12	-6	-10	-18	-14	-12	
4183	-18	-20	12	-6	-8	-16	-14	-12	
4184	-18	-20	12	-6	-8	-16	-14	-12	
4185	-16	-18	12	-6	-8	-16	-14	-12	
4186	-14	-18	12	-4	-8	-16	-14	-12	
4187	-14	-16	12	-4	-8	-16	-14	-12	
4188	-12	-14	10	-4	-8	-14	-14	-12	
4189	-12	-14	10	-6	-8	-14	-14	-12	
4190	-10	-12	10	-6	-8	-14	-14	-12	
4191	-10	-12	8	-6	-10	-14	-14	-12	
4192	-10	-12	8	-6	-10	-14	-14	-14	
4193	-10	-12	6	-8	-10	-16	-14	-14	
4194	-10	-12	6	-8	-12	-16	-14	-14	
4195	-10	-12	4	-8	-12	-16	-14	-14	
4196	-10	-12	4	-8	-14	-16	-14	-14	
4197	-10	-12	2	-10	-14	-16	-14	-14	
4198	-12	-14	2	-10	-14	-18	-14	-14	
4199	-12	-14	2	-10	-16	-18	-14	-14	
4200	-12	-14	2	-10	-16	-18	-14	-12	
4201	-12	-14	2	-10	-16	-18	-14	-12	
4202	-12	-14	2	-10	-16	-18	-14	-12	
4203	-12	-14	2	-12	-18	-20	-14	-12	
4204	-10	-14	2	-12	-18	-20	-14	-10	
4205	-10	-12	2	-12	-18	-20	-14	-10	
4206	-10	-12	2	-12	-18	-20	-14	-10	
4207	-10	-12	2	-12	-20	-20	-14	-10	
4208	-8	-12	2	-14	-20	-20	-14	-10	
4209	-8	-12	2	-14	-20	-20	-14	-10	
4210	-8	-12	2	-16	-22	-22	-14	-12	
4211	-8	-12	2	-16	-22	-22	-16	-12	
4212	-10	-12	2	-18	-24	-22	-16	-12	
4213	-10	-14	2	-18	-24	-24	-16	-14	
4214	-10	-14	0	-20	-26	-24	-18	-14	
4215	-10	-16	0	-20	-26	-26	-18	-16	
4216	-12	-16	0	-22	-28	-26	-18	-16	
4217	-12	-18	-2	-22	-28	-28	-20	-18	
4218	-12	-18	-2	-24	-28	-28	-20	-18	
4219	-12	-20	-2	-24	-28	-30	-20	-20	
4220	-12	-20	-2	-24	-30	-30	-22	-20	
4221	-14	-20	-2	-26	-30	-30	-22	-20	
4222	-14	-20	-2	-26	-30	-32	-22	-20	
4223	-14	-20	-2	-26	-30	-32	-22	-20	
4224	-14	-22	-2	-28	-32	-32	-24	-20	
4225	-14	-22	-2	-28	-32	-32	-24	-20	
4226	-14	-22	0	-28	-32	-32	-24	-20	
4227	-14	-22	0	-30	-32	-32	-24	-20	
4228	-14	-22	-2	-30	-32	-32	-24	-20	
4229	-16	-22	-2	-30	-34	-32	-24	-20	
4230	-16	-24	-2	-30	-34	-32	-24	-20	
4231	-16	-24	-2	-32	-34	-32	-24	-20	
4232	-18	-26	-4	-32	-36	-34	-24	-20	
4233	-20	-26	-4	-34	-36	-34	-26	-20	
4234	-20	-28	-6	-34	-38	-36	-26	-22	
4235	-22	-28	-8	-34	-38	-36	-26	-22	
4236	-22	-28	-8	-36	-38	-36	-28	-22	
4237	-24	-30	-10	-36	-40	-38	-28	-24	
4238	-24	-30	-10	-36	-40	-38	-30	-24	
4239	-24	-30	-10	-36	-40	-38	-30	-24	
4240	-24	-28	-10	-36	-40	-40	-30	-26	
4241	-22	-28	-10	-36	-40	-40	-32	-26	
4242	-20	-26	-10	-36	-40	-40	-32	-26	
4243	-20	-24	-10	-34	-40	-40	-32	-26	
4244	-18	-24	-8	-34	-38	-38	-32	-26	
4245	-16	-22	-8	-32	-38	-38	-32	-26	
4246	-14	-20	-8	-32	-38	-38	-30	-26	
4247	-12	-20	-6	-32	-36	-38	-30	-26	
4248	-12	-18	-6	-32	-36	-36	-30	-26	
4249	-10	-18	-4	-32	-36	-36	-30	-26	
4250	-10	-18	-4	-32	-36	-36	-28	-24	
4251	-10	-18	-4	-32	-36	-36	-28	-24	
4252	-12	-20	-4	-32	-36	-34	-28	-24	
4253	-12	-20	-4	-32	-36	-34	-28	-24	
4254	-14	-20	-4	-32	-36	-34	-28	-24	
4255	-14	-20	-4	-34	-36	-34	-28	-24	
4256	-16	-22	-4	-34	-36	-34	-28	-24	
4257	-16	-22	-4	-34	-36	-36	-28	-24	
4258	-16	-22	-4	-36	-36	-36	-28	-24	
4259	-18	-22	-4	-36	-36	-36	-28	-24	
4260	-18	-22	-4	-36	-38	-36	-30	-24	
4261	-18	-22	-6	-36	-38	-36	-30	-26	
4262	-18	-22	-6	-36	-38	-38	-30	-26	
4263	-18	-22	-6	-36	-40	-38	-32	-26	
4264	-18	-24	-6	-36	-40	-38	-32	-26	
4265	-20	-24	-6	-36	-40	-38	-32	-26	
4266	-20	-26	-6	-36	-42	-40	-34	-28	
4267	-20	-28	-6	-36	-42	-40	-34	-28	
4268	-22	-28	-6	-36	-42	-42	-34	-28	
4269	-22	-30	-6	-38	-42	-42	-34	-28	
4270	-24	-32	-6	-38	-44	-42	-34	-28	
4271	-24	-34	-6	-38	-44	-42	-34	-28	
4272	-24	-36	-6	-38	-44	-42	-34	-28	
4273	-24	-36	-6	-38	-44	-42	-34	-28	
4274	-24	-36	-6	-38	-42	-42	-34	-28	
4275	-22	-36	-6	-36	-42	-42	-32	-28	
4276	-20	-34	-4	-36	-42	-42	-32	-26	
4277	-18	-34	-4	-36	-42	-40	-30	-26	
4278	-16	-32	-4	-36	-40	-40	-30	-26	
4279	-14	-30	-4	-36	-40	-38	-28	-24	
4280	-12	-28	-4	-36	-38	-38	-28	-24	
4281	-12	-26	-4	-36	-38	-36	-26	-24	
4282	-10	-24	-4	-36	-38	-36	-26	-24	
4283	-10	-22	-4	-36	-38	-36	-26	-24	
4284	-8	-22	-4	-36	-38	-34	-26	-24	
4285	-10	-20	-4	-36	-38	-34	-26	-24	
4286	-10	-20	-4	-36	-38	-36	-26	-26	
4287	-10	-20	-4	-36	-38	-36	-28	-26	
4288	-12	-20	-4	-36	-38	-36	-28	-28	
4289	-12	-20	-4	-36	-38	-36	-30	-28	
4290	-14	-22	-4	-36	-40	-38	-30	-30	
4291	-16	-22	-4	-38	-40	-38	-32	-30	
4292	-16	-24	-6	-38	-40	-40	-32	-32	
4293	-18	-26	-6	-38	-42	-40	-34	-32	
4294	-20	-26	-6	-38	-42	-42	-34	-32	
4295	-20	-28	-6	-38	-42	-42	-34	-32	
4296	-22	-30	-6	-38	-42	-42	-34	-32	
4297	-22	-30	-6	-38	-42	-44	-34	-32	
4298	-22	-32	-6	-38	-42	-44	-34	-32	
4299	-22	-32	-6	-38	-42	-44	-34	-32	
4300	-22	-32	-6	-38	-42	-44	-34	-30	
4301	-22	-32	-6	-38	-42	-42	-34	-30	
4302	-20	-32	-6	-38	-40	-42	-32	-30	
4303	-20	-30	-6	-36	-40	-40	-30	-28	
4304	-18	-28	-4	-34	-38	-38	-30	-28	
4305	-16	-26	-4	-34	-36	-36	-28	-26	
4306	-14	-22	-2	-32	-34	-34	-26	-24	
4307	-12	-18	0	-30	-32	-32	-24	-24	
4308	-10	-14	0	-26	-30	-30	-22	-22	
4309	-8	-10	2	-24	-26	-28	-20	-20	
4310	-6	-6	4	-22	-24	-26	-18	-18	
4311	-4	-4	6	-18	-22	-22	-16	-18	
4312	-2	0	8	-16	-18	-20	-14	-16	
4313	0	2	10	-14	-16	-18	-14	-14	
4314	2	4	12	-10	-12	-16	-12	-12	
4315	4	6	14	-8	-10	-14	-10	-10	
4316	6	8	14	-6	-8	-14	-8	-8	
4317	8	10	14	-6	-6	-12	-6	-8	
4318	10	12	14	-4	-4	-10	-4	-6	
4319	12	14	12	-4	-2	-8	-2	-4	
4320	14	16	10	-4	0	-6	0	-2	
4321	18	18	8	-4	2	-4	2	0	
4322	20	20	6	-6	2	-2	4	2	
4323	24	22	4	-6	4	0	6	4	
4324	26	22	0	-8	4	0	6	6	
4325	28	24	-2	-10	4	2	8	8	
4326	30	24	-4	-10	2	2	8	8	
4327	32	22	-8	-12	0	2	8	10	
4328	32	20	-10	-14	-2	2	8	8	
4329	32	16	-12	-16	-4	0	6	8	
4330	30	12	-14	-18	-8	-2	4	6	
4331	28	8	-14	-20	-12	-4	2	4	
4332	26	2	-16	-22	-16	-8	-2	2	
4333	24	-4	-16	-24	-22	-12	-6	-2	
4334	22	-10	-16	-26	-26	-16	-10	-6	
4335	20	-16	-16	-28	-32	-22	-14	-10	
4336	16	-22	-16	-30	-36	-26	-18	-14	
4337	16	-26	-16	-32	-40	-30	-22	-18	
4338	14	-30	-18	-34	-44	-34	-26	-22	
4339	12	-34	-18	-38	-48	-36	-28	-24	
4340	12	-36	-18	-40	-52	-40	-32	-28	
4341	12	-38	-18	-40	-54	-42	-32	-30	
4342	10	-38	-18	-42	-56	-42	-34	-30	
4343	10	-38	-20	-44	-56	-44	-36	-30	
4344	8	-38	-20	-44	-56	-44	-36	-32	
4345	8	-38	-20	-46	-56	-44	-36	-30	
4346	4	-38	-20	-46	-56	-44	-36	-30	
4347	2	-36	-18	-46	-56	-44	-36	-30	
4348	-2	-36	-18	-46	-54	-44	-36	-30	
4349	-4	-36	-18	-46	-54	-44	-36	-28	
4350	-8	-36	-16	-46	-54	-44	-36	-28	
4351	-12	-36	-16	-46	-52	-44	-36	-28	
4352	-16	-38	-14	-46	-52	-44	-36	-28	
4353	-18	-38	-14	-46	-52	-44	-36	-28	
4354	-20	-38	-12	-44	-52	-44	-36	-30	
4355	-22	-38	-10	-44	-52	-44	-38	-30	
4356	-24	-38	-10	-44	-52	-46	-38	-30	
4357	-24	-38	-8	-44	-52	-46	-38	-30	
4358	-24	-38	-8	-44	-54	-46	-38	-32	
4359	-22	-38	-8	-44	-54	-46	-40	-32	
4360	-22	-38	-8	-44	-54	-46	-40	-34	
4361	-20	-38	-8	-44	-54	-46	-40	-34	
4362	-20	-38	-8	-44	-56	-48	-42	-34	
4363	-18	-38	-8	-46	-56	-48	-42	-34	
4364	-18	-38	-8	-46	-56	-48	-42	-36	
4365	-16	-38	-8	-46	-56	-48	-42	-36	
4366	-16	-40	-8	-46	-56	-48	-42	-36	
4367	-16	-40	-8	-46	-56	-50	-44	-36	
4368	-18	-40	-8	-48	-56	-50	-44	-36	
4369	-18	-40	-8	-48	-56	-50	-44	-38	
4370	-18	-38	-8	-48	-56	-50	-44	-38	
4371	-20	-38	-8	-48	-56	-50	-42	-38	
4372	-20	-40	-10	-48	-56	-50	-42	-38	
4373	-22	-40	-10	-48	-56	-50	-44	-38	
4374	-24	-40	-10	-50	-56	-52	-44	-38	
4375	-26	-42	-10	-50	-58	-52	-44	-40	
4376	-28	-44	-10	-52	-58	-54	-46	-40	
4377	-30	-46	-10	-52	-60	-56	-48	-42	
4378	-32	-48	-8	-52	-62	-58	-50	-44	
4379	-34	-52	-8	-52	-64	-62	-54	-46	
4380	-38	-54	-6	-52	-64	-64	-56	-50	
4381	-40	-58	-4	-48	-64	-68	-62	-52	
4382	-42	-62	0	-44	-64	-72	-66	-58	
4383	-44	-66	4	-38	-62	-74	-70	-62	
4384	-46	-68	8	-30	-58	-76	-72	-66	
4385	-44	-70	14	-18	-50	-76	-74	-70	
4386	-42	-70	22	-2	-40	-72	-74	-74	
4387	-38	-66	30	16	-26	-64	-70	-76	
4388	-30	-62	36	36	-8	-52	-60	-74	
4389	-18	-54	44	60	14	-34	-46	-68	
4390	-2	-40	48	86	40	-8	-26	-58	
4391	18	-24	52	112	72	24	2	-42	
4392	42	-2	54	138	106	62	36	-18	
4393	70	26	54	162	142	108	80	12	
4394	102	60	50	182	178	160	128	50	
4395	136	96	42	196	214	218	184	96	
4396	172	138	32	204	246	276	244	148	
4397	206	184	18	200	274	334	304	204	
4398	236	228	0	186	294	388	364	264	
4399	262	274	-20	160	302	436	418	322	
4400	282	316	-40	122	300	472	464	378	
4401	292	352	-62	72	284	496	498	426	
4402	292	380	-82	12	254	504	520	466	
4403	282	400	-104	-56	212	494	524	492	
4404	260	408	-122	-130	156	466	512	504	
4405	232	406	-138	-206	90	422	484	502	
4406	194	392	-152	-282	18	362	438	482	
4407	150	368	-162	-352	-58	290	380	448	
4408	104	334	-170	-412	-134	210	312	402	
4409	58	294	-174	-464	-206	126	238	344	
4410	12	246	-176	-500	-270	42	162	278	
4411	-30	198	-176	-522	-324	-36	86	210	
4412	-64	148	-172	-530	-366	-104	18	140	
4413	-92	102	-164	-524	-392	-162	-44	76	
4414	-112	58	-156	-504	-406	-208	-94	18	
4415	-124	20	-146	-472	-404	-238	-132	-32	
4416	-130	-12	-136	-432	-390	-254	-158	-72	
4417	-130	-36	-122	-386	-366	-256	-172	-102	
4418	-124	-54	-110	-338	-332	-248	-176	-122	
4419	-116	-66	-96	-288	-294	-232	-172	-132	
4420	-106	-72	-82	-240	-254	-210	-162	-134	
4421	-94	-76	-68	-194	-214	-186	-148	-130	
4422	-84	-74	-54	-152	-174	-160	-132	-124	
4423	-74	-72	-40	-116	-140	-134	-114	-112	
4424	-66	-68	-28	-86	-108	-112	-98	-102	
4425	-58	-62	-16	-60	-82	-92	-84	-90	
4426	-52	-58	-6	-40	-62	-78	-72	-80	
4427	-48	-54	2	-26	-46	-66	-64	-72	
4428	-46	-52	10	-14	-34	-56	-56	-66	
4429	-42	-48	16	-6	-26	-52	-52	-60	
4430	-42	-48	20	0	-20	-48	-50	-56	
4431	-40	-46	24	4	-16	-46	-48	-54	
4432	-40	-46	26	6	-14	-46	-48	-54	
4433	-40	-46	28	8	-14	-46	-48	-54	
4434	-40	-46	28	8	-14	-46	-48	-54	
4435	-40	-46	28	10	-14	-46	-48	-54	
4436	-38	-48	30	10	-14	-46	-48	-54	
4437	-38	-48	30	10	-14	-46	-48	-54	
4438	-38	-48	30	10	-14	-46	-48	-54	
4439	-38	-48	30	12	-12	-46	-48	-54	
4440	-38	-48	30	12	-12	-46	-48	-54	
4441	-36	-48	30	14	-12	-44	-48	-54	
4442	-36	-48	30	14	-10	-44	-46	-54	
4443	-34	-48	30	16	-10	-42	-46	-54	
4444	-32	-48	30	18	-8	-42	-46	-52	
4445	-32	-48	30	18	-8	-40	-46	-52	
4446	-30	-48	30	20	-6	-40	-44	-52	
4447	-28	-48	32	22	-6	-38	-44	-50	
4448	-28	-46	32	24	-4	-38	-44	-50	
4449	-26	-46	32	24	-4	-38	-44	-50	
4450	-26	-46	34	26	-4	-36	-44	-50	
4451	-26	-44	34	26	-2	-36	-42	-50	
4452	-26	-44	34	28	-2	-36	-42	-50	
4453	-26	-44	34	28	0	-36	-42	-50	
4454	-26	-44	34	28	0	-36	-42	-50	
4455	-26	-46	34	30	0	-34	-42	-50	
4456	-28	-46	34	30	2	-34	-42	-50	
4457	-28	-46	32	30	2	-34	-42	-52	
4458	-30	-46	32	30	4	-34	-42	-52	
4459	-30	-48	32	30	4	-34	-40	-52	
4460	-30	-48	32	32	6	-32	-40	-52	
4461	-30	-48	30	32	8	-32	-40	-52	
4462	-30	-48	30	34	8	-30	-38	-52	
4463	-30	-48	30	34	10	-30	-38	-50	
4464	-30	-48	32	36	12	-28	-36	-50	
4465	-28	-48	32	36	12	-28	-36	-50	
4466	-28	-46	32	38	14	-26	-34	-48	
4467	-28	-46	32	40	14	-24	-34	-48	
4468	-26	-44	32	42	16	-24	-34	-48	
4469	-26	-44	34	42	18	-22	-32	-46	
4470	-26	-44	34	44	18	-22	-32	-46	
4471	-24	-42	34	46	20	-20	-30	-46	
4472	-24	-42	36	48	20	-18	-30	-44	
4473	-24	-42	36	48	22	-18	-30	-44	
4474	-24	-40	36	50	24	-16	-30	-44	
4475	-22	-40	38	52	24	-16	-28	-44	
4476	-22	-40	38	54	26	-14	-28	-44	
4477	-22	-38	38	56	28	-14	-28	-44	
4478	-20	-38	38	56	30	-14	-26	-42	
4479	-20	-38	40	58	30	-12	-26	-42	
4480	-20	-38	40	60	32	-12	-26	-42	
4481	-18	-36	40	62	34	-10	-24	-42	
4482	-18	-36	40	64	36	-10	-24	-42	
4483	-18	-36	40	66	36	-8	-24	-40	
4484	-18	-36	40	66	38	-8	-22	-40	
4485	-18	-36	40	68	40	-6	-22	-40	
4486	-18	-38	40	70	42	-4	-22	-38	
4487	-18	-38	40	74	44	-4	-20	-38	
4488	-18	-36	40	76	46	-2	-20	-36	
4489	-16	-36	40	78	48	0	-20	-36	
4490	-16	-36	40	82	52	2	-18	-34	
4491	-14	-34	40	84	54	4	-16	-34	
4492	-14	-34	40	88	56	6	-14	-32	
4493	-12	-32	42	90	60	8	-14	-30	
4494	-10	-30	42	94	62	12	-12	-30	
4495	-8	-28	42	98	66	14	-10	-28	
4496	-6	-26	42	100	68	16	-6	-26	
4497	-4	-24	42	104	72	18	-4	-26	
4498	-2	-22	42	108	74	20	-2	-24	
4499	0	-20	42	110	78	24	0	-22	
4500	0	-18	42	114	80	26	2	-22	
4501	2	-16	42	116	82	28	4	-20	
4502	2	-14	42	120	84	30	4	-20	
4503	4	-12	42	122	88	32	6	-18	
4504	4	-10	42	126	90	34	8	-16	
4505	4	-8	40	130	94	38	10	-16	
4506	6	-6	40	134	96	40	12	-14	
4507	6	-2	42	136	100	44	16	-12	
4508	8	0	42	142	104	48	18	-10	
4509	8	4	42	146	108	52	22	-8	
4510	10	8	44	150	114	56	24	-4	
4511	12	12	44	154	118	60	28	-2	
4512	14	16	44	160	122	64	32	2	
4513	16	20	46	164	128	68	36	4	
4514	20	24	46	168	132	72	40	8	
4515	22	28	46	172	136	76	44	12	
4516	24	32	46	176	142	82	48	16	
4517	26	34	46	180	146	86	52	18	
4518	28	38	44	184	150	90	54	22	
4519	30	42	44	186	152	94	58	26	
4520	32	46	42	188	156	98	62	30	
4521	34	50	40	192	160	102	66	32	
4522	36	54	40	192	162	106	70	36	
4523	38	58	38	194	164	110	74	40	
4524	40	62	36	196	168	114	78	44	
4525	42	66	34	196	170	118	80	48	
4526	44	70	34	196	172	120	84	52	
4527	46	74	32	196	172	124	88	56	
4528	50	78	30	194	174	128	90	58	
4529	52	82	28	194	174	130	94	62	
4530	54	86	26	192	176	132	96	66	
4531	56	90	24	190	176	134	98	68	
4532	58	94	22	188	176	136	100	72	
4533	62	96	20	186	176	138	102	74	
4534	64	100	18	182	174	138	104	76	
4535	66	102	16	180	174	138	106	78	
4536	68	104	14	176	172	140	108	80	
4537	70	106	12	172	170	138	108	82	
4538	72	108	10	168	168	138	110	84	
4539	74	108	8	162	166	138	110	86	
4540	74	110	6	158	164	136	110	86	
4541	76	110	4	152	160	134	110	86	
4542	76	110	2	146	158	132	110	88	
4543	76	108	0	140	154	130	108	88	
4544	74	108	-2	134	150	128	106	86	
4545	74	106	-4	128	146	126	106	86	
4546	72	104	-6	120	142	122	104	86	
4547	70	102	-8	114	136	120	100	84	
4548	68	100	-10	106	132	116	98	82	
4549	66	96	-10	98	126	112	94	80	
4550	64	92	-12	92	120	108	92	78	
4551	62	88	-12	84	114	102	88	76	
4552	58	84	-14	76	108	98	84	72	
4553	56	80	-14	70	102	94	80	70	
4554	52	74	-16	62	94	88	76	66	
4555	48	68	-16	56	88	82	70	62	
4556	44	64	-16	48	82	78	66	60	
4557	40	58	-16	42	76	72	62	56	
4558	36	52	-16	36	70	66	58	52	
4559	32	46	-16	30	64	62	52	48	
4560	28	40	-16	26	58	56	48	44	
4561	24	36	-16	22	54	52	44	40	
4562	20	30	-14	18	48	48	42	36	
4563	18	26	-14	14	44	44	38	34	
4564	14	22	-14	10	40	40	34	30	
4565	12	20	-12	6	36	36	30	28	
4566	10	16	-12	2	32	32	28	24	
4567	10	14	-12	0	28	28	24	22	
4568	8	10	-12	-4	24	24	22	18	
4569	8	8	-12	-6	20	20	18	16	
4570	6	6	-12	-8	16	14	16	12	
4571	6	4	-12	-12	12	10	12	8	
4572	4	0	-14	-14	8	6	8	6	
4573	2	-2	-14	-18	4	2	6	2	
4574	2	-4	-14	-20	2	-2	2	-2	
4575	0	-8	-16	-22	-2	-4	0	-4	
4576	-2	-10	-16	-24	-4	-8	-4	-8	
4577	-4	-12	-16	-24	-6	-10	-6	-10	
4578	-6	-16	-16	-26	-8	-14	-8	-12	
4579	-6	-18	-16	-26	-10	-14	-10	-14	
4580	-8	-20	-14	-26	-10	-16	-10	-16	
4581	-10	-22	-14	-26	-12	-18	-12	-18	
4582	-10	-22	-14	-26	-12	-18	-12	-20	
4583	-12	-24	-12	-26	-12	-20	-14	-20	
4584	-12	-24	-12	-26	-12	-20	-14	-20	
4585	-12	-24	-12	-26	-12	-20	-14	-22	
4586	-14	-26	-10	-24	-12	-20	-14	-22	
4587	-14	-24	-10	-24	-12	-20	-14	-22	
4588	-14	-24	-10	-24	-12	-20	-14	-22	
4589	-14	-24	-8	-22	-12	-20	-14	-22	
4590	-14	-24	-8	-22	-10	-20	-16	-22	
4591	-14	-24	-8	-22	-10	-20	-16	-22	
4592	-14	-24	-6	-22	-10	-20	-16	-22	
4593	-16	-24	-6	-20	-10	-20	-16	-22	
4594	-16	-24	-6	-20	-8	-20	-18	-22	
4595	-16	-24	-6	-20	-8	-20	-18	-22	
4596	-16	-26	-4	-18	-8	-20	-18	-22	
4597	-18	-26	-4	-18	-8	-20	-18	-22	
4598	-18	-26	-4	-18	-6	-20	-18	-22	
4599	-18	-28	-4	-16	-6	-20	-18	-22	
4600	-18	-28	-2	-16	-6	-20	-18	-22	
4601	-18	-28	-2	-14	-4	-20	-18	-22	
4602	-16	-28	-2	-14	-4	-18	-18	-22	
4603	-16	-28	-2	-14	-2	-18	-18	-22	
4604	-14	-26	-2	-12	-2	-18	-16	-20	
4605	-14	-26	-2	-12	0	-16	-16	-20	
4606	-12	-24	-2	-10	0	-16	-14	-18	
4607	-10	-24	-2	-10	2	-14	-14	-18	
4608	-10	-22	-2	-8	4	-12	-12	-16	
4609	-10	-22	0	-8	4	-12	-12	-16	
4610	-10	-22	0	-8	6	-10	-10	-14	
4611	-10	-22	0	-6	6	-10	-10	-14	
4612	-12	-22	0	-6	6	-8	-8	-12	
4613	-12	-22	0	-6	8	-8	-8	-12	
4614	-14	-22	0	-6	8	-8	-8	-12	
4615	-14	-22	0	-6	8	-8	-8	-12	
4616	-16	-22	0	-6	8	-8	-8	-12	
4617	-16	-22	0	-8	8	-8	-8	-12	
4618	-16	-22	0	-8	8	-8	-8	-12	
4619	-16	-22	-2	-8	8	-10	-8	-12	
4620	-16	-20	-2	-8	8	-10	-8	-14	
4621	-16	-20	0	-8	8	-10	-8	-14	
4622	-14	-18	0	-8	8	-10	-8	-14	
4623	-12	-18	0	-8	8	-8	-8	-14	
4624	-10	-16	0	-8	8	-8	-8	-14	
4625	-8	-14	0	-8	10	-8	-8	-12	
4626	-6	-14	0	-8	10	-8	-8	-12	
4627	-4	-12	0	-8	10	-6	-8	-12	
4628	-4	-12	0	-8	10	-6	-6	-12	
4629	-2	-12	0	-8	10	-6	-6	-12	
4630	0	-10	0	-8	10	-6	-6	-12	
4631	0	-10	0	-8	10	-6	-8	-12	
4632	0	-10	0	-10	8	-6	-8	-12	
4633	2	-10	-2	-10	8	-8	-8	-12	
4634	2	-10	-2	-10	8	-8	-8	-12	
4635	0	-12	-2	-12	6	-8	-10	-12	
4636	0	-12	-4	-12	6	-10	-10	-12	
4637	0	-12	-4	-14	6	-10	-10	-14	
4638	0	-12	-4	-14	4	-10	-10	-14	
4639	0	-12	-4	-14	4	-10	-10	-14	
4640	0	-12	-6	-16	4	-12	-10	-14	
4641	-2	-12	-6	-16	4	-12	-10	-14	
4642	-2	-12	-6	-16	2	-12	-10	-16	
4643	-4	-12	-6	-16	2	-12	-10	-16	
4644	-4	-12	-6	-16	2	-12	-10	-16	
4645	-6	-12	-8	-18	0	-14	-10	-16	
4646	-8	-14	-8	-18	0	-14	-10	-16	
4647	-10	-14	-8	-20	-2	-16	-10	-18	
4648	-12	-16	-10	-20	-2	-16	-12	-18	
4649	-14	-18	-10	-22	-4	-18	-12	-20	
4650	-16	-20	-12	-22	-6	-18	-14	-20	
4651	-18	-22	-12	-24	-6	-20	-14	-22	
4652	-18	-24	-14	-26	-8	-20	-16	-22	
4653	-18	-24	-14	-26	-10	-22	-16	-22	
4654	-18	-26	-14	-26	-10	-22	-16	-24	
4655	-18	-26	-16	-28	-10	-22	-18	-24	
4656	-16	-26	-16	-28	-12	-24	-18	-24	
4657	-14	-24	-16	-28	-12	-24	-18	-24	
4658	-12	-24	-14	-28	-12	-24	-18	-24	
4659	-8	-22	-14	-28	-10	-24	-18	-24	
4660	-6	-20	-14	-28	-10	-24	-18	-24	
4661	-4	-20	-14	-28	-10	-22	-18	-22	
4662	-4	-18	-14	-28	-10	-22	-18	-22	
4663	-2	-18	-12	-28	-10	-24	-18	-22	
4664	-2	-18	-12	-28	-10	-24	-18	-22	
4665	-4	-16	-12	-28	-10	-24	-18	-20	
4666	-4	-18	-12	-28	-10	-24	-18	-20	
4667	-6	-18	-12	-28	-10	-24	-18	-20	
4668	-6	-18	-14	-30	-12	-24	-18	-20	
4669	-8	-18	-14	-30	-12	-26	-18	-20	
4670	-10	-20	-14	-30	-14	-26	-18	-20	
4671	-12	-20	-14	-30	-14	-26	-20	-20	
4672	-12	-20	-14	-32	-16	-28	-20	-20	
4673	-12	-20	-16	-32	-16	-28	-20	-20	
4674	-12	-22	-16	-32	-18	-28	-20	-20	
4675	-12	-22	-16	-32	-18	-28	-20	-20	
4676	-12	-22	-16	-32	-18	-28	-20	-20	
4677	-10	-22	-16	-34	-18	-30	-20	-20	
4678	-10	-22	-16	-34	-20	-30	-20	-20	
4679	-10	-22	-16	-34	-20	-30	-20	-20	
4680	-8	-22	-16	-34	-20	-30	-20	-20	
4681	-8	-24	-16	-34	-20	-30	-22	-20	
4682	-8	-24	-16	-36	-20	-30	-22	-22	
4683	-8	-26	-16	-36	-20	-32	-22	-22	
4684	-8	-26	-16	-36	-20	-32	-22	-22	
4685	-10	-28	-16	-38	-20	-32	-24	-22	
4686	-10	-30	-16	-38	-22	-32	-24	-24	
4687	-12	-30	-16	-38	-22	-32	-24	-24	
4688	-12	-32	-18	-38	-22	-34	-26	-24	
4689	-14	-32	-18	-40	-22	-34	-26	-26	
4690	-14	-34	-18	-40	-22	-34	-26	-26	
4691	-14	-34	-18	-40	-24	-34	-26	-28	
4692	-14	-34	-18	-40	-24	-34	-26	-28	
4693	-16	-34	-18	-40	-24	-34	-26	-28	
4694	-16	-34	-20	-38	-24	-34	-26	-30	
4695	-16	-34	-20	-38	-24	-34	-26	-30	
4696	-14	-34	-20	-38	-24	-34	-26	-30	
4697	-14	-32	-20	-38	-26	-34	-26	-30	
4698	-14	-32	-20	-38	-26	-34	-26	-32	
4699	-14	-32	-20	-38	-26	-36	-26	-32	
4700	-14	-30	-20	-38	-26	-36	-26	-32	
4701	-14	-30	-20	-38	-26	-36	-26	-32	
4702	-14	-30	-20	-38	-26	-36	-26	-30	
4703	-14	-30	-18	-38	-24	-36	-26	-30	
4704	-12	-28	-18	-38	-24	-34	-24	-30	
4705	-12	-28	-18	-38	-24	-34	-24	-30	
4706	-12	-26	-18	-38	-24	-34	-24	-28	
4707	-10	-26	-18	-38	-22	-34	-24	-28	
4708	-10	-24	-18	-38	-22	-32	-24	-26	
4709	-8	-24	-16	-38	-22	-32	-22	-26	
4710	-8	-22	-16	-38	-20	-32	-22	-26	
4711	-8	-22	-16	-38	-20	-32	-22	-24	
4712	-8	-20	-16	-38	-20	-30	-22	-24	
4713	-6	-20	-16	-38	-20	-30	-22	-24	
4714	-6	-20	-16	-38	-20	-30	-22	-24	
4715	-8	-20	-16	-40	-20	-32	-22	-24	
4716	-8	-20	-16	-40	-22	-32	-24	-24	
4717	-8	-22	-16	-40	-22	-32	-24	-26	
4718	-10	-22	-18	-40	-22	-34	-24	-26	
4719	-12	-24	-18	-42	-24	-34	-24	-26	
4720	-12	-26	-18	-42	-24	-34	-24	-26	
4721	-14	-26	-18	-42	-24	-36	-26	-28	
4722	-16	-28	-20	-42	-26	-36	-26	-28	
4723	-18	-28	-20	-44	-26	-36	-26	-28	
4724	-20	-30	-20	-44	-26	-36	-26	-28	
4725	-20	-30	-20	-44	-26	-36	-26	-28	
4726	-22	-30	-20	-44	-26	-38	-26	-28	
4727	-22	-30	-20	-44	-26	-38	-26	-28	
4728	-24	-32	-20	-44	-26	-38	-26	-28	
4729	-24	-32	-20	-46	-26	-38	-26	-28	
4730	-24	-32	-20	-46	-26	-38	-26	-28	
4731	-24	-32	-20	-46	-26	-38	-26	-28	
4732	-22	-32	-20	-46	-26	-38	-26	-28	
4733	-22	-30	-20	-46	-28	-38	-26	-28	
4734	-22	-30	-20	-46	-28	-38	-26	-28	
4735	-20	-30	-20	-46	-28	-38	-26	-28	
4736	-18	-30	-20	-46	-28	-38	-26	-28	
4737	-18	-28	-20	-46	-26	-38	-26	-28	
4738	-16	-28	-22	-46	-26	-36	-24	-28	
4739	-16	-26	-22	-44	-24	-36	-24	-28	
4740	-14	-24	-22	-44	-24	-34	-22	-26	
4741	-14	-22	-20	-42	-22	-32	-22	-26	
4742	-12	-20	-20	-40	-20	-32	-20	-24	
4743	-12	-16	-20	-38	-18	-28	-18	-22	
4744	-10	-14	-18	-36	-14	-26	-16	-20	
4745	-10	-12	-16	-34	-12	-24	-14	-18	
4746	-8	-10	-16	-32	-10	-22	-12	-16	
4747	-8	-8	-14	-28	-6	-20	-10	-14	
4748	-6	-6	-10	-26	-2	-18	-8	-12	
4749	-6	-4	-8	-22	0	-16	-6	-10	
4750	-4	-2	-6	-20	4	-12	-4	-10	
4751	-2	-2	-4	-18	6	-10	-2	-8	
4752	0	0	-2	-14	10	-8	0	-6	
4753	2	2	0	-12	12	-6	0	-4	
4754	4	2	2	-10	14	-6	2	-4	
4755	6	4	2	-8	16	-4	4	-2	
4756	8	8	2	-8	18	-2	6	-2	
4757	12	10	2	-6	20	0	8	0	
4758	14	12	0	-6	22	2	8	2	
4759	16	16	-2	-6	24	4	10	2	
4760	20	18	-4	-8	24	4	12	4	
4761	22	20	-8	-8	24	6	12	4	
4762	24	22	-12	-10	24	6	14	6	
4763	26	24	-16	-12	24	6	14	6	
4764	28	24	-20	-14	22	6	14	8	
4765	30	22	-22	-16	20	4	14	8	
4766	30	20	-26	-18	18	2	12	6	
4767	30	16	-28	-20	14	0	10	6	
4768	30	12	-30	-22	10	-2	8	4	
4769	28	6	-32	-24	6	-6	6	2	
4770	26	0	-34	-26	2	-8	2	0	
4771	24	-6	-34	-28	-2	-12	-2	-2	
4772	22	-12	-34	-30	-6	-16	-6	-6	
4773	20	-18	-34	-32	-10	-20	-8	-8	
4774	18	-24	-34	-34	-14	-22	-12	-12	
4775	16	-30	-34	-36	-18	-26	-16	-14	
4776	16	-36	-34	-38	-22	-30	-18	-18	
4777	14	-40	-34	-40	-26	-32	-20	-20	
4778	12	-42	-34	-42	-28	-34	-22	-22	
4779	12	-44	-34	-44	-30	-36	-24	-24	
4780	10	-46	-34	-44	-32	-38	-26	-24	
4781	10	-46	-34	-46	-34	-38	-26	-26	
4782	8	-46	-34	-48	-34	-40	-26	-26	
4783	8	-46	-36	-48	-34	-40	-26	-26	
4784	6	-44	-34	-48	-34	-40	-26	-26	
4785	4	-42	-34	-50	-34	-40	-26	-26	
4786	2	-40	-34	-50	-34	-40	-26	-26	
4787	0	-40	-34	-50	-34	-40	-26	-26	
4788	-2	-38	-32	-50	-32	-40	-26	-26	
4789	-6	-38	-32	-50	-32	-42	-26	-28	
4790	-10	-38	-30	-50	-32	-42	-26	-28	
4791	-12	-40	-30	-50	-32	-42	-28	-28	
4792	-16	-40	-30	-50	-32	-44	-28	-30	
4793	-20	-42	-30	-50	-34	-44	-30	-30	
4794	-22	-44	-28	-52	-34	-44	-32	-30	
4795	-24	-46	-28	-52	-34	-46	-32	-32	
4796	-26	-48	-28	-52	-34	-46	-34	-32	
4797	-28	-50	-28	-52	-34	-48	-34	-34	
4798	-30	-52	-28	-52	-34	-48	-36	-34	
4799	-30	-52	-26	-52	-36	-50	-36	-36	
4800	-30	-52	-26	-50	-34	-50	-36	-36	
4801	-28	-52	-26	-50	-34	-50	-36	-36	
4802	-28	-52	-26	-50	-34	-50	-36	-36	
4803	-26	-52	-24	-50	-34	-50	-38	-36	
4804	-24	-50	-24	-50	-34	-50	-36	-36	
4805	-22	-48	-24	-48	-34	-48	-36	-36	
4806	-20	-46	-22	-48	-32	-48	-36	-36	
4807	-20	-44	-22	-48	-32	-48	-36	-36	
4808	-18	-44	-22	-48	-32	-46	-36	-36	
4809	-18	-42	-22	-48	-32	-46	-36	-36	
4810	-18	-42	-22	-48	-34	-46	-34	-36	
4811	-18	-42	-22	-50	-34	-44	-34	-34	
4812	-20	-42	-22	-50	-34	-44	-34	-34	
4813	-20	-42	-22	-52	-36	-44	-34	-34	
4814	-24	-44	-22	-52	-38	-46	-34	-34	
4815	-26	-46	-22	-54	-38	-46	-36	-36	
4816	-28	-48	-22	-54	-40	-48	-38	-36	
4817	-32	-52	-20	-54	-42	-52	-40	-38	
4818	-34	-54	-18	-52	-42	-54	-44	-40	
4819	-38	-58	-14	-48	-42	-58	-48	-44	
4820	-40	-62	-10	-44	-40	-60	-52	-48	
4821	-42	-64	-6	-36	-38	-64	-56	-52	
4822	-44	-66	0	-28	-34	-64	-58	-56	
4823	-42	-68	8	-14	-26	-64	-60	-60	
4824	-40	-68	14	2	-16	-60	-60	-64	
4825	-34	-66	22	20	-2	-54	-56	-64	
4826	-26	-62	30	42	14	-42	-48	-64	
4827	-14	-54	36	68	36	-24	-34	-58	
4828	4	-44	42	94	62	0	-14	-48	
4829	24	-28	46	122	90	30	12	-32	
4830	50	-8	46	150	122	68	44	-10	
4831	80	18	46	174	156	110	84	20	
4832	114	48	40	196	190	160	130	56	
4833	150	84	32	212	224	214	182	100	
4834	188	124	20	218	254	268	238	150	
4835	224	168	6	214	278	322	294	202	
4836	256	212	-12	200	296	372	348	258	
4837	284	256	-30	172	304	414	396	312	
4838	304	296	-52	130	300	448	438	364	
4839	314	332	-74	76	284	468	468	408	
4840	314	360	-94	12	256	472	484	444	
4841	302	378	-116	-64	214	460	486	466	
4842	278	388	-134	-144	162	432	474	476	
4843	244	384	-150	-226	98	388	444	472	
4844	202	370	-164	-306	30	330	402	452	
4845	154	346	-176	-380	-42	262	346	418	
4846	104	314	-184	-446	-114	188	282	372	
4847	52	272	-188	-498	-182	110	214	316	
4848	4	228	-190	-536	-242	32	144	254	
4849	-40	180	-188	-558	-292	-38	74	190	
4850	-76	134	-184	-564	-330	-102	12	126	
4851	-104	88	-178	-554	-354	-154	-42	68	
4852	-124	48	-170	-530	-364	-192	-86	14	
4853	-134	12	-160	-494	-362	-218	-120	-32	
4854	-138	-16	-148	-450	-348	-232	-142	-68	
4855	-134	-40	-134	-398	-324	-234	-154	-94	
4856	-126	-56	-120	-346	-294	-226	-158	-110	
4857	-116	-66	-104	-292	-258	-210	-154	-120	
4858	-102	-70	-90	-240	-220	-188	-144	-120	
4859	-88	-72	-74	-192	-182	-166	-130	-116	
4860	-76	-70	-60	-148	-146	-142	-116	-110	
4861	-64	-68	-46	-112	-114	-118	-100	-100	
4862	-54	-62	-32	-80	-86	-98	-86	-88	
4863	-46	-58	-20	-56	-62	-80	-74	-78	
4864	-40	-54	-10	-36	-44	-66	-62	-70	
4865	-36	-50	-2	-20	-30	-56	-54	-62	
4866	-34	-48	4	-10	-18	-48	-50	-56	
4867	-32	-46	10	-2	-12	-42	-46	-52	
4868	-30	-46	14	2	-8	-40	-44	-50	
4869	-30	-46	16	6	-4	-38	-42	-48	
4870	-30	-46	18	6	-4	-38	-42	-48	
4871	-30	-46	18	8	-4	-38	-42	-50	
4872	-30	-48	18	8	-4	-40	-44	-50	
4873	-30	-48	18	8	-4	-40	-44	-50	
4874	-30	-48	18	8	-4	-42	-46	-52	
4875	-30	-50	18	8	-4	-42	-46	-52	
4876	-30	-50	18	10	-4	-42	-46	-54	
4877	-30	-50	18	10	-4	-42	-46	-54	
4878	-30	-50	18	10	-4	-42	-46	-54	
4879	-30	-50	20	12	-4	-42	-46	-52	
4880	-30	-50	20	12	-4	-42	-46	-52	
4881	-30	-50	20	14	-2	-42	-46	-52	
4882	-30	-50	20	14	-2	-42	-46	-52	
4883	-30	-50	20	16	-2	-42	-46	-50	
4884	-30	-50	20	18	-2	-42	-46	-50	
4885	-30	-50	20	18	-2	-42	-46	-50	
4886	-32	-52	20	20	-2	-42	-46	-50	
4887	-32	-52	20	20	0	-40	-44	-50	
4888	-32	-52	20	22	0	-40	-44	-50	
4889	-32	-52	20	22	0	-40	-44	-50	
4890	-32	-52	20	22	0	-40	-44	-50	
4891	-32	-52	22	24	0	-40	-44	-50	
4892	-32	-52	22	24	2	-38	-44	-50	
4893	-30	-52	22	24	2	-38	-42	-50	
4894	-30	-50	22	26	2	-36	-42	-48	
4895	-30	-50	22	26	4	-36	-42	-48	
4896	-28	-48	22	26	4	-34	-40	-48	
4897	-28	-48	22	28	4	-34	-40	-48	
4898	-26	-46	22	28	6	-32	-40	-48	
4899	-26	-46	24	30	6	-32	-38	-46	
4900	-26	-44	24	30	8	-30	-38	-46	
4901	-24	-44	24	32	8	-28	-38	-46	
4902	-24	-42	24	32	10	-28	-36	-44	
4903	-24	-42	26	34	10	-26	-36	-44	
4904	-22	-40	26	36	12	-26	-36	-44	
4905	-22	-40	26	36	14	-24	-34	-42	
4906	-22	-38	26	38	14	-24	-34	-42	
4907	-20	-38	28	40	16	-22	-34	-42	
4908	-20	-36	28	42	16	-22	-34	-42	
4909	-18	-34	28	44	18	-22	-34	-42	
4910	-16	-34	28	44	20	-20	-32	-42	
4911	-16	-32	28	46	20	-20	-32	-40	
4912	-14	-32	28	48	22	-20	-32	-40	
4913	-14	-30	28	50	22	-20	-32	-40	
4914	-12	-30	28	52	24	-20	-32	-40	
4915	-12	-30	26	52	26	-18	-32	-40	
4916	-12	-30	26	54	26	-18	-30	-40	
4917	-10	-30	26	56	28	-18	-30	-40	
4918	-10	-30	28	58	28	-16	-30	-40	
4919	-10	-30	28	60	30	-16	-30	-40	
4920	-10	-30	28	62	32	-14	-28	-38	
4921	-12	-32	28	64	32	-12	-28	-38	
4922	-12	-32	28	66	34	-12	-28	-38	
4923	-12	-32	30	68	36	-10	-26	-38	
4924	-12	-32	30	70	36	-8	-26	-36	
4925	-12	-34	30	72	38	-8	-24	-36	
4926	-12	-34	30	74	40	-6	-24	-36	
4927	-12	-34	30	76	42	-4	-22	-36	
4928	-12	-34	30	80	44	-4	-22	-34	
4929	-12	-32	30	82	46	-2	-20	-34	
4930	-10	-32	32	84	48	0	-18	-34	
4931	-10	-32	32	88	50	2	-18	-32	
4932	-8	-30	32	92	52	4	-16	-32	
4933	-6	-28	32	94	54	8	-14	-30	
4934	-4	-26	32	98	58	10	-10	-28	
4935	-2	-24	32	102	62	12	-8	-26	
4936	0	-20	34	106	64	16	-6	-24	
4937	0	-18	34	110	68	20	-4	-22	
4938	2	-14	34	114	72	22	0	-20	
4939	4	-12	36	118	74	26	2	-18	
4940	4	-10	36	122	78	30	4	-16	
4941	4	-8	36	126	82	32	6	-12	
4942	6	-6	36	130	84	36	8	-10	
4943	8	-2	36	134	88	38	10	-8	
4944	8	0	36	138	92	42	14	-6	
4945	10	2	38	142	96	44	16	-4	
4946	12	4	38	146	98	48	18	-2	
4947	16	8	38	152	102	52	20	0	
4948	18	12	38	156	106	54	24	4	
4949	22	16	40	160	110	58	28	6	
4950	24	20	40	164	116	64	30	10	
4951	28	26	40	168	120	68	34	12	
4952	32	32	40	172	124	72	40	16	
4953	36	36	40	176	128	78	44	20	
4954	38	42	40	180	132	82	48	24	
4955	40	46	40	182	136	86	52	28	
4956	42	50	38	184	140	90	56	32	
4957	44	54	38	186	142	94	60	36	
4958	44	58	36	188	146	98	64	38	
4959	46	60	34	190	148	102	68	42	
4960	46	62	32	190	150	104	70	46	
4961	48	64	30	190	152	108	74	48	
4962	48	66	28	190	154	110	76	50	
4963	50	68	26	190	156	112	78	54	
4964	52	72	24	190	156	114	80	56	
4965	54	74	22	190	158	116	84	58	
4966	56	78	22	190	160	118	86	62	
4967	60	82	20	188	160	122	88	64	
4968	62	86	18	188	162	124	92	66	
4969	66	92	16	186	162	126	94	70	
4970	68	96	16	184	162	128	98	72	
4971	72	100	14	184	162	130	100	76	
4972	74	104	12	180	162	132	102	78	
4973	76	106	12	178	162	134	106	80	
4974	78	110	10	176	160	134	108	82	
4975	78	110	8	172	158	136	108	86	
4976	78	112	6	168	156	136	110	88	
4977	78	112	4	162	154	136	110	88	
4978	78	112	0	158	152	136	110	90	
4979	76	112	-2	152	148	134	110	90	
4980	76	110	-4	146	146	132	108	92	
4981	74	110	-6	140	142	130	108	92	
4982	74	108	-8	134	138	128	106	90	
4983	74	108	-10	126	132	126	104	90	
4984	72	106	-12	120	128	122	100	90	
4985	72	104	-14	114	124	118	98	88	
4986	72	104	-16	106	118	114	94	86	
4987	72	102	-16	100	114	110	90	84	
4988	70	100	-18	92	108	106	88	82	
4989	70	96	-18	86	102	100	84	78	
4990	68	94	-20	78	96	96	78	76	
4991	64	88	-20	72	90	90	74	72	
4992	62	84	-20	64	84	84	70	70	
4993	58	78	-20	58	78	78	66	66	
4994	54	72	-20	52	70	72	60	62	
4995	48	66	-20	44	64	64	56	58	
4996	44	58	-20	38	58	58	50	54	
4997	38	52	-20	32	52	52	46	48	
4998	32	46	-20	26	46	46	42	44	
4999	28	40	-20	22	42	40	38	40	
